Ionization energy (eV): 24.284
Energy (eV)	Rate coefficient (m^3/s)
0.0	0.000000e+00
1.0	8.488151e-32
2.0	1.056277e-23
3.0	6.434393e-21
4.0	1.821019e-19
5.0	1.476206e-18
6.0	6.295155e-18
7.0	1.839398e-17
8.0	4.214406e-17
9.0	8.174844e-17
10.0	1.407141e-16
11.0	2.216157e-16
12.0	3.260704e-16
13.0	4.548328e-16
14.0	6.079418e-16
15.0	7.848766e-16
16.0	9.847017e-16
17.0	1.206191e-15
18.0	1.447928e-15
19.0	1.708387e-15
20.0	1.985992e-15
21.0	2.279162e-15
22.0	2.586345e-15
23.0	2.906042e-15
24.0	3.236818e-15
25.0	3.577316e-15
26.0	3.926263e-15
27.0	4.282467e-15
28.0	4.644824e-15
29.0	5.012310e-15
30.0	5.383983e-15
31.0	5.758977e-15
32.0	6.136497e-15
33.0	6.515818e-15
34.0	6.896279e-15
35.0	7.277278e-15
36.0	7.658268e-15
37.0	8.038754e-15
38.0	8.418290e-15
39.0	8.796471e-15
40.0	9.172935e-15
41.0	9.547354e-15
42.0	9.919438e-15
43.0	1.028893e-14
44.0	1.065558e-14
45.0	1.101921e-14
46.0	1.137962e-14
47.0	1.173666e-14
48.0	1.209018e-14
49.0	1.244006e-14
50.0	1.278621e-14
51.0	1.312853e-14
52.0	1.346694e-14
53.0	1.380139e-14
54.0	1.413182e-14
55.0	1.445820e-14
56.0	1.478049e-14
57.0	1.509866e-14
58.0	1.541271e-14
59.0	1.572264e-14
60.0	1.602842e-14
61.0	1.633008e-14
62.0	1.662763e-14
63.0	1.692107e-14
64.0	1.721043e-14
65.0	1.749572e-14
66.0	1.777699e-14
67.0	1.805425e-14
68.0	1.832753e-14
69.0	1.859688e-14
70.0	1.886232e-14
71.0	1.912390e-14
72.0	1.938166e-14
73.0	1.963564e-14
74.0	1.988587e-14
75.0	2.013241e-14
76.0	2.037529e-14
77.0	2.061457e-14
78.0	2.085029e-14
79.0	2.108249e-14
80.0	2.131123e-14
81.0	2.153654e-14
82.0	2.175847e-14
83.0	2.197708e-14
84.0	2.219240e-14
85.0	2.240450e-14
86.0	2.261340e-14
87.0	2.281916e-14
88.0	2.302183e-14
89.0	2.322144e-14
90.0	2.341806e-14
91.0	2.361171e-14
92.0	2.380245e-14
93.0	2.399032e-14
94.0	2.417537e-14
95.0	2.435764e-14
96.0	2.453716e-14
97.0	2.471400e-14
98.0	2.488817e-14
99.0	2.505974e-14
100.0	2.522873e-14
101.0	2.539520e-14
102.0	2.555917e-14
103.0	2.572069e-14
104.0	2.587980e-14
105.0	2.603653e-14
106.0	2.619093e-14
107.0	2.634302e-14
108.0	2.649285e-14
109.0	2.664046e-14
110.0	2.678587e-14
111.0	2.692913e-14
112.0	2.707026e-14
113.0	2.720931e-14
114.0	2.734629e-14
115.0	2.748126e-14
116.0	2.761423e-14
117.0	2.774524e-14
118.0	2.787433e-14
119.0	2.800151e-14
120.0	2.812683e-14
121.0	2.825031e-14
122.0	2.837198e-14
123.0	2.849187e-14
124.0	2.861001e-14
125.0	2.872642e-14
126.0	2.884113e-14
127.0	2.895418e-14
128.0	2.906557e-14
129.0	2.917535e-14
130.0	2.928353e-14
131.0	2.939014e-14
132.0	2.949521e-14
133.0	2.959876e-14
134.0	2.970080e-14
135.0	2.980138e-14
136.0	2.990050e-14
137.0	2.999820e-14
138.0	3.009448e-14
139.0	3.018938e-14
140.0	3.028292e-14
141.0	3.037511e-14
142.0	3.046599e-14
143.0	3.055555e-14
144.0	3.064384e-14
145.0	3.073086e-14
146.0	3.081664e-14
147.0	3.090119e-14
148.0	3.098454e-14
149.0	3.106670e-14
150.0	3.114768e-14
151.0	3.122751e-14
152.0	3.130621e-14
153.0	3.138379e-14
154.0	3.146027e-14
155.0	3.153566e-14
156.0	3.160998e-14
157.0	3.168325e-14
158.0	3.175547e-14
159.0	3.182668e-14
160.0	3.189688e-14
161.0	3.196608e-14
162.0	3.203431e-14
163.0	3.210158e-14
164.0	3.216789e-14
165.0	3.223327e-14
166.0	3.229772e-14
167.0	3.236127e-14
168.0	3.242392e-14
169.0	3.248568e-14
170.0	3.254658e-14
171.0	3.260662e-14
172.0	3.266582e-14
173.0	3.272418e-14
174.0	3.278172e-14
175.0	3.283845e-14
176.0	3.289439e-14
177.0	3.294954e-14
178.0	3.300391e-14
179.0	3.305752e-14
180.0	3.311037e-14
181.0	3.316249e-14
182.0	3.321387e-14
183.0	3.326453e-14
184.0	3.331448e-14
185.0	3.336372e-14
186.0	3.341228e-14
187.0	3.346015e-14
188.0	3.350735e-14
189.0	3.355389e-14
190.0	3.359977e-14
191.0	3.364501e-14
192.0	3.368962e-14
193.0	3.373360e-14
194.0	3.377695e-14
195.0	3.381970e-14
196.0	3.386185e-14
197.0	3.390341e-14
198.0	3.394438e-14
199.0	3.398478e-14
200.0	3.402460e-14
201.0	3.406387e-14
202.0	3.410258e-14
203.0	3.414075e-14
204.0	3.417838e-14
205.0	3.421547e-14
206.0	3.425205e-14
207.0	3.428811e-14
208.0	3.432366e-14
209.0	3.435870e-14
210.0	3.439325e-14
211.0	3.442732e-14
212.0	3.446090e-14
213.0	3.449400e-14
214.0	3.452663e-14
215.0	3.455881e-14
216.0	3.459052e-14
217.0	3.462179e-14
218.0	3.465261e-14
219.0	3.468299e-14
220.0	3.471294e-14
221.0	3.474246e-14
222.0	3.477156e-14
223.0	3.480024e-14
224.0	3.482852e-14
225.0	3.485639e-14
226.0	3.488386e-14
227.0	3.491094e-14
228.0	3.493763e-14
229.0	3.496394e-14
230.0	3.498986e-14
231.0	3.501542e-14
232.0	3.504060e-14
233.0	3.506543e-14
234.0	3.508989e-14
235.0	3.511400e-14
236.0	3.513776e-14
237.0	3.516118e-14
238.0	3.518426e-14
239.0	3.520700e-14
240.0	3.522941e-14
241.0	3.525149e-14
242.0	3.527325e-14
243.0	3.529469e-14
244.0	3.531582e-14
245.0	3.533664e-14
246.0	3.535715e-14
247.0	3.537737e-14
248.0	3.539728e-14
249.0	3.541690e-14
250.0	3.543623e-14
251.0	3.545527e-14
252.0	3.547403e-14
253.0	3.549252e-14
254.0	3.551072e-14
255.0	3.552866e-14
256.0	3.554633e-14
257.0	3.556373e-14
258.0	3.558087e-14
259.0	3.559776e-14
260.0	3.561439e-14
261.0	3.563077e-14
262.0	3.564690e-14
263.0	3.566279e-14
264.0	3.567843e-14
265.0	3.569384e-14
266.0	3.570902e-14
267.0	3.572396e-14
268.0	3.573867e-14
269.0	3.575316e-14
270.0	3.576742e-14
271.0	3.578147e-14
272.0	3.579529e-14
273.0	3.580891e-14
274.0	3.582231e-14
275.0	3.583550e-14
276.0	3.584849e-14
277.0	3.586127e-14
278.0	3.587386e-14
279.0	3.588624e-14
280.0	3.589843e-14
281.0	3.591043e-14
282.0	3.592223e-14
283.0	3.593385e-14
284.0	3.594529e-14
285.0	3.595654e-14
286.0	3.596761e-14
287.0	3.597850e-14
288.0	3.598921e-14
289.0	3.599976e-14
290.0	3.601013e-14
291.0	3.602033e-14
292.0	3.603037e-14
293.0	3.604024e-14
294.0	3.604995e-14
295.0	3.605949e-14
296.0	3.606888e-14
297.0	3.607812e-14
298.0	3.608720e-14
299.0	3.609612e-14
300.0	3.610490e-14
