Ionization energy (eV): 24.284
Energy (eV)	Rate coefficient (m^3/s)
0.0	0.000000e+00
1.0	1.205505e-31
2.0	1.482922e-23
3.0	8.726927e-21
4.0	2.369565e-19
5.0	1.850837e-18
6.0	7.657967e-18
7.0	2.184842e-17
8.0	4.912544e-17
9.0	9.387397e-17
10.0	1.596479e-16
11.0	2.489705e-16
12.0	3.633459e-16
13.0	5.033828e-16
14.0	6.689611e-16
15.0	8.594011e-16
16.0	1.073616e-15
17.0	1.310238e-15
18.0	1.567726e-15
19.0	1.844439e-15
20.0	2.138700e-15
21.0	2.448842e-15
22.0	2.773234e-15
23.0	3.110310e-15
24.0	3.458578e-15
25.0	3.816630e-15
26.0	4.183149e-15
27.0	4.556906e-15
28.0	4.936765e-15
29.0	5.321673e-15
30.0	5.710666e-15
31.0	6.102857e-15
32.0	6.497434e-15
33.0	6.893658e-15
34.0	7.290856e-15
35.0	7.688415e-15
36.0	8.085780e-15
37.0	8.482450e-15
38.0	8.877971e-15
39.0	9.271936e-15
40.0	9.663979e-15
41.0	1.005377e-14
42.0	1.044102e-14
43.0	1.082546e-14
44.0	1.120686e-14
45.0	1.158501e-14
46.0	1.195975e-14
47.0	1.233089e-14
48.0	1.269832e-14
49.0	1.306190e-14
50.0	1.342154e-14
51.0	1.377715e-14
52.0	1.412865e-14
53.0	1.447599e-14
54.0	1.481912e-14
55.0	1.515800e-14
56.0	1.549259e-14
57.0	1.582289e-14
58.0	1.614888e-14
59.0	1.647056e-14
60.0	1.678792e-14
61.0	1.710098e-14
62.0	1.740974e-14
63.0	1.771423e-14
64.0	1.801447e-14
65.0	1.831049e-14
66.0	1.860230e-14
67.0	1.888996e-14
68.0	1.917348e-14
69.0	1.945290e-14
70.0	1.972828e-14
71.0	1.999963e-14
72.0	2.026702e-14
73.0	2.053048e-14
74.0	2.079006e-14
75.0	2.104581e-14
76.0	2.129776e-14
77.0	2.154598e-14
78.0	2.179050e-14
79.0	2.203137e-14
80.0	2.226865e-14
81.0	2.250238e-14
82.0	2.273262e-14
83.0	2.295940e-14
84.0	2.318279e-14
85.0	2.340282e-14
86.0	2.361955e-14
87.0	2.383303e-14
88.0	2.404330e-14
89.0	2.425042e-14
90.0	2.445442e-14
91.0	2.465536e-14
92.0	2.485329e-14
93.0	2.504825e-14
94.0	2.524028e-14
95.0	2.542943e-14
96.0	2.561575e-14
97.0	2.579928e-14
98.0	2.598007e-14
99.0	2.615815e-14
100.0	2.633357e-14
101.0	2.650637e-14
102.0	2.667659e-14
103.0	2.684428e-14
104.0	2.700947e-14
105.0	2.717221e-14
106.0	2.733253e-14
107.0	2.749047e-14
108.0	2.764607e-14
109.0	2.779936e-14
110.0	2.795039e-14
111.0	2.809918e-14
112.0	2.824579e-14
113.0	2.839023e-14
114.0	2.853254e-14
115.0	2.867276e-14
116.0	2.881092e-14
117.0	2.894706e-14
118.0	2.908120e-14
119.0	2.921338e-14
120.0	2.934362e-14
121.0	2.947197e-14
122.0	2.959844e-14
123.0	2.972307e-14
124.0	2.984589e-14
125.0	2.996693e-14
126.0	3.008621e-14
127.0	3.020376e-14
128.0	3.031961e-14
129.0	3.043378e-14
130.0	3.054631e-14
131.0	3.065721e-14
132.0	3.076652e-14
133.0	3.087425e-14
134.0	3.098043e-14
135.0	3.108509e-14
136.0	3.118825e-14
137.0	3.128993e-14
138.0	3.139015e-14
139.0	3.148894e-14
140.0	3.158632e-14
141.0	3.168231e-14
142.0	3.177694e-14
143.0	3.187021e-14
144.0	3.196216e-14
145.0	3.205280e-14
146.0	3.214216e-14
147.0	3.223025e-14
148.0	3.231709e-14
149.0	3.240270e-14
150.0	3.248709e-14
151.0	3.257030e-14
152.0	3.265233e-14
153.0	3.273321e-14
154.0	3.281294e-14
155.0	3.289155e-14
156.0	3.296905e-14
157.0	3.304547e-14
158.0	3.312081e-14
159.0	3.319509e-14
160.0	3.326833e-14
161.0	3.334054e-14
162.0	3.341173e-14
163.0	3.348194e-14
164.0	3.355115e-14
165.0	3.361940e-14
166.0	3.368670e-14
167.0	3.375305e-14
168.0	3.381848e-14
169.0	3.388299e-14
170.0	3.394661e-14
171.0	3.400933e-14
172.0	3.407118e-14
173.0	3.413217e-14
174.0	3.419231e-14
175.0	3.425161e-14
176.0	3.431009e-14
177.0	3.436775e-14
178.0	3.442461e-14
179.0	3.448068e-14
180.0	3.453597e-14
181.0	3.459049e-14
182.0	3.464425e-14
183.0	3.469726e-14
184.0	3.474954e-14
185.0	3.480109e-14
186.0	3.485193e-14
187.0	3.490206e-14
188.0	3.495149e-14
189.0	3.500024e-14
190.0	3.504831e-14
191.0	3.509571e-14
192.0	3.514245e-14
193.0	3.518854e-14
194.0	3.523400e-14
195.0	3.527882e-14
196.0	3.532302e-14
197.0	3.536660e-14
198.0	3.540958e-14
199.0	3.545197e-14
200.0	3.549376e-14
201.0	3.553497e-14
202.0	3.557561e-14
203.0	3.561568e-14
204.0	3.565520e-14
205.0	3.569416e-14
206.0	3.573259e-14
207.0	3.577047e-14
208.0	3.580784e-14
209.0	3.584467e-14
210.0	3.588100e-14
211.0	3.591682e-14
212.0	3.595214e-14
213.0	3.598696e-14
214.0	3.602130e-14
215.0	3.605516e-14
216.0	3.608855e-14
217.0	3.612146e-14
218.0	3.615392e-14
219.0	3.618592e-14
220.0	3.621748e-14
221.0	3.624859e-14
222.0	3.627926e-14
223.0	3.630950e-14
224.0	3.633932e-14
225.0	3.636872e-14
226.0	3.639770e-14
227.0	3.642628e-14
228.0	3.645445e-14
229.0	3.648223e-14
230.0	3.650961e-14
231.0	3.653660e-14
232.0	3.656322e-14
233.0	3.658945e-14
234.0	3.661531e-14
235.0	3.664081e-14
236.0	3.666594e-14
237.0	3.669072e-14
238.0	3.671514e-14
239.0	3.673922e-14
240.0	3.676295e-14
241.0	3.678634e-14
242.0	3.680940e-14
243.0	3.683213e-14
244.0	3.685453e-14
245.0	3.687660e-14
246.0	3.689837e-14
247.0	3.691981e-14
248.0	3.694095e-14
249.0	3.696179e-14
250.0	3.698232e-14
251.0	3.700255e-14
252.0	3.702250e-14
253.0	3.704215e-14
254.0	3.706151e-14
255.0	3.708060e-14
256.0	3.709940e-14
257.0	3.711793e-14
258.0	3.713619e-14
259.0	3.715419e-14
260.0	3.717191e-14
261.0	3.718938e-14
262.0	3.720659e-14
263.0	3.722355e-14
264.0	3.724025e-14
265.0	3.725671e-14
266.0	3.727292e-14
267.0	3.728890e-14
268.0	3.730463e-14
269.0	3.732013e-14
270.0	3.733540e-14
271.0	3.735044e-14
272.0	3.736525e-14
273.0	3.737984e-14
274.0	3.739421e-14
275.0	3.740837e-14
276.0	3.742231e-14
277.0	3.743603e-14
278.0	3.744955e-14
279.0	3.746287e-14
280.0	3.747598e-14
281.0	3.748889e-14
282.0	3.750160e-14
283.0	3.751411e-14
284.0	3.752644e-14
285.0	3.753857e-14
286.0	3.755051e-14
287.0	3.756227e-14
288.0	3.757385e-14
289.0	3.758524e-14
290.0	3.759646e-14
291.0	3.760750e-14
292.0	3.761837e-14
293.0	3.762907e-14
294.0	3.763959e-14
295.0	3.764995e-14
296.0	3.766015e-14
297.0	3.767018e-14
298.0	3.768005e-14
299.0	3.768977e-14
300.0	3.769933e-14
