Momentum transfer, no inelastic energy loss (eV): 0.0
Energy (eV)	Rate coefficient (m^3/s)
0.0	0.000000e+00
1.0	3.435838e-14
2.0	5.300895e-14
3.0	6.390743e-14
4.0	7.237996e-14
5.0	7.945071e-14
6.0	8.546625e-14
7.0	9.060275e-14
8.0	9.497765e-14
9.0	9.868716e-14
10.0	1.018178e-13
11.0	1.044484e-13
12.0	1.066495e-13
13.0	1.084829e-13
14.0	1.100017e-13
15.0	1.112514e-13
16.0	1.122702e-13
17.0	1.130904e-13
18.0	1.137393e-13
19.0	1.142401e-13
20.0	1.146122e-13
21.0	1.148724e-13
22.0	1.150349e-13
23.0	1.151120e-13
24.0	1.151144e-13
25.0	1.150511e-13
26.0	1.149301e-13
27.0	1.147582e-13
28.0	1.145417e-13
29.0	1.142858e-13
30.0	1.139950e-13
31.0	1.136737e-13
32.0	1.133253e-13
33.0	1.129531e-13
34.0	1.125599e-13
35.0	1.121483e-13
36.0	1.117205e-13
37.0	1.112786e-13
38.0	1.108242e-13
39.0	1.103591e-13
40.0	1.098846e-13
41.0	1.094021e-13
42.0	1.089126e-13
43.0	1.084173e-13
44.0	1.079171e-13
45.0	1.074128e-13
46.0	1.069051e-13
47.0	1.063949e-13
48.0	1.058826e-13
49.0	1.053689e-13
50.0	1.048542e-13
51.0	1.043391e-13
52.0	1.038239e-13
53.0	1.033090e-13
54.0	1.027948e-13
55.0	1.022815e-13
56.0	1.017695e-13
57.0	1.012590e-13
58.0	1.007502e-13
59.0	1.002434e-13
60.0	9.973867e-14
61.0	9.923624e-14
62.0	9.873626e-14
63.0	9.823886e-14
64.0	9.774417e-14
65.0	9.725229e-14
66.0	9.676332e-14
67.0	9.627736e-14
68.0	9.579447e-14
69.0	9.531473e-14
70.0	9.483821e-14
71.0	9.436494e-14
72.0	9.389498e-14
73.0	9.342837e-14
74.0	9.296514e-14
75.0	9.250532e-14
76.0	9.204893e-14
77.0	9.159599e-14
78.0	9.114652e-14
79.0	9.070052e-14
80.0	9.025801e-14
81.0	8.981898e-14
82.0	8.938344e-14
83.0	8.895139e-14
84.0	8.852281e-14
85.0	8.809771e-14
86.0	8.767608e-14
87.0	8.725789e-14
88.0	8.684315e-14
89.0	8.643183e-14
90.0	8.602392e-14
91.0	8.561940e-14
92.0	8.521826e-14
93.0	8.482046e-14
94.0	8.442601e-14
95.0	8.403486e-14
96.0	8.364700e-14
97.0	8.326241e-14
98.0	8.288105e-14
99.0	8.250292e-14
100.0	8.212797e-14
101.0	8.175619e-14
102.0	8.138755e-14
103.0	8.102203e-14
104.0	8.065959e-14
105.0	8.030021e-14
106.0	7.994386e-14
107.0	7.959051e-14
108.0	7.924015e-14
109.0	7.889273e-14
110.0	7.854824e-14
111.0	7.820663e-14
112.0	7.786790e-14
113.0	7.753201e-14
114.0	7.719892e-14
115.0	7.686862e-14
116.0	7.654107e-14
117.0	7.621625e-14
118.0	7.589413e-14
119.0	7.557469e-14
120.0	7.525789e-14
121.0	7.494370e-14
122.0	7.463211e-14
123.0	7.432308e-14
124.0	7.401659e-14
125.0	7.371262e-14
126.0	7.341112e-14
127.0	7.311209e-14
128.0	7.281549e-14
129.0	7.252129e-14
130.0	7.222948e-14
131.0	7.194002e-14
132.0	7.165290e-14
133.0	7.136808e-14
134.0	7.108555e-14
135.0	7.080527e-14
136.0	7.052722e-14
137.0	7.025139e-14
138.0	6.997774e-14
139.0	6.970625e-14
140.0	6.943691e-14
141.0	6.916968e-14
142.0	6.890454e-14
143.0	6.864148e-14
144.0	6.838046e-14
145.0	6.812148e-14
146.0	6.786449e-14
147.0	6.760950e-14
148.0	6.735646e-14
149.0	6.710537e-14
150.0	6.685620e-14
151.0	6.660893e-14
152.0	6.636354e-14
153.0	6.612001e-14
154.0	6.587832e-14
155.0	6.563845e-14
156.0	6.540038e-14
157.0	6.516410e-14
158.0	6.492958e-14
159.0	6.469680e-14
160.0	6.446575e-14
161.0	6.423642e-14
162.0	6.400877e-14
163.0	6.378279e-14
164.0	6.355847e-14
165.0	6.333578e-14
166.0	6.311472e-14
167.0	6.289526e-14
168.0	6.267739e-14
169.0	6.246109e-14
170.0	6.224634e-14
171.0	6.203313e-14
172.0	6.182144e-14
173.0	6.161126e-14
174.0	6.140257e-14
175.0	6.119536e-14
176.0	6.098961e-14
177.0	6.078530e-14
178.0	6.058242e-14
179.0	6.038096e-14
180.0	6.018090e-14
181.0	5.998223e-14
182.0	5.978493e-14
183.0	5.958899e-14
184.0	5.939440e-14
185.0	5.920114e-14
186.0	5.900920e-14
187.0	5.881856e-14
188.0	5.862922e-14
189.0	5.844115e-14
190.0	5.825436e-14
191.0	5.806882e-14
192.0	5.788452e-14
193.0	5.770145e-14
194.0	5.751960e-14
195.0	5.733895e-14
196.0	5.715950e-14
197.0	5.698123e-14
198.0	5.680413e-14
199.0	5.662819e-14
200.0	5.645340e-14
201.0	5.627975e-14
202.0	5.610722e-14
203.0	5.593580e-14
204.0	5.576550e-14
205.0	5.559628e-14
206.0	5.542815e-14
207.0	5.526109e-14
208.0	5.509510e-14
209.0	5.493016e-14
210.0	5.476626e-14
211.0	5.460339e-14
212.0	5.444155e-14
213.0	5.428072e-14
214.0	5.412089e-14
215.0	5.396206e-14
216.0	5.380422e-14
217.0	5.364735e-14
218.0	5.349145e-14
219.0	5.333651e-14
220.0	5.318252e-14
221.0	5.302947e-14
222.0	5.287735e-14
223.0	5.272615e-14
224.0	5.257587e-14
225.0	5.242650e-14
226.0	5.227802e-14
227.0	5.213044e-14
228.0	5.198374e-14
229.0	5.183791e-14
230.0	5.169295e-14
231.0	5.154885e-14
232.0	5.140560e-14
233.0	5.126320e-14
234.0	5.112163e-14
235.0	5.098089e-14
236.0	5.084097e-14
237.0	5.070186e-14
238.0	5.056357e-14
239.0	5.042607e-14
240.0	5.028937e-14
241.0	5.015345e-14
242.0	5.001831e-14
243.0	4.988394e-14
244.0	4.975034e-14
245.0	4.961750e-14
246.0	4.948542e-14
247.0	4.935407e-14
248.0	4.922347e-14
249.0	4.909360e-14
250.0	4.896446e-14
251.0	4.883604e-14
252.0	4.870834e-14
253.0	4.858134e-14
254.0	4.845505e-14
255.0	4.832946e-14
256.0	4.820455e-14
257.0	4.808033e-14
258.0	4.795680e-14
259.0	4.783393e-14
260.0	4.771174e-14
261.0	4.759020e-14
262.0	4.746933e-14
263.0	4.734910e-14
264.0	4.722953e-14
265.0	4.711059e-14
266.0	4.699229e-14
267.0	4.687463e-14
268.0	4.675758e-14
269.0	4.664116e-14
270.0	4.652536e-14
271.0	4.641016e-14
272.0	4.629558e-14
273.0	4.618159e-14
274.0	4.606820e-14
275.0	4.595540e-14
276.0	4.584319e-14
277.0	4.573156e-14
278.0	4.562050e-14
279.0	4.551003e-14
280.0	4.540011e-14
281.0	4.529077e-14
282.0	4.518198e-14
283.0	4.507375e-14
284.0	4.496607e-14
285.0	4.485893e-14
286.0	4.475234e-14
287.0	4.464628e-14
288.0	4.454076e-14
289.0	4.443577e-14
290.0	4.433131e-14
291.0	4.422737e-14
292.0	4.412394e-14
293.0	4.402103e-14
294.0	4.391863e-14
295.0	4.381674e-14
296.0	4.371534e-14
297.0	4.361445e-14
298.0	4.351405e-14
299.0	4.341414e-14
300.0	4.331472e-14
