Excitation energy (eV): 11.19
Energy (eV)	Rate coefficient (m^3/s)
0.0	0.000000e+00
1.0	4.981879e-23
2.0	5.896064e-19
3.0	1.333556e-17
4.0	6.133652e-17
5.0	1.494927e-16
6.0	2.659975e-16
7.0	3.962269e-16
8.0	5.288831e-16
9.0	6.567662e-16
10.0	7.758690e-16
11.0	8.843163e-16
12.0	9.815468e-16
13.0	1.067760e-15
14.0	1.143565e-15
15.0	1.209768e-15
16.0	1.267243e-15
17.0	1.316861e-15
18.0	1.359450e-15
19.0	1.395776e-15
20.0	1.426537e-15
21.0	1.452359e-15
22.0	1.473803e-15
23.0	1.491366e-15
24.0	1.505491e-15
25.0	1.516570e-15
26.0	1.524948e-15
27.0	1.530934e-15
28.0	1.534798e-15
29.0	1.536782e-15
30.0	1.537098e-15
31.0	1.535938e-15
32.0	1.533469e-15
33.0	1.529841e-15
34.0	1.525188e-15
35.0	1.519629e-15
36.0	1.513270e-15
37.0	1.506206e-15
38.0	1.498523e-15
39.0	1.490295e-15
40.0	1.481592e-15
41.0	1.472474e-15
42.0	1.462996e-15
43.0	1.453207e-15
44.0	1.443152e-15
45.0	1.432870e-15
46.0	1.422396e-15
47.0	1.411763e-15
48.0	1.400999e-15
49.0	1.390131e-15
50.0	1.379181e-15
51.0	1.368171e-15
52.0	1.357120e-15
53.0	1.346044e-15
54.0	1.334959e-15
55.0	1.323878e-15
56.0	1.312813e-15
57.0	1.301776e-15
58.0	1.290776e-15
59.0	1.279822e-15
60.0	1.268922e-15
61.0	1.258083e-15
62.0	1.247310e-15
63.0	1.236610e-15
64.0	1.225987e-15
65.0	1.215446e-15
66.0	1.204990e-15
67.0	1.194622e-15
68.0	1.184346e-15
69.0	1.174163e-15
70.0	1.164077e-15
71.0	1.154087e-15
72.0	1.144197e-15
73.0	1.134407e-15
74.0	1.124718e-15
75.0	1.115131e-15
76.0	1.105646e-15
77.0	1.096264e-15
78.0	1.086985e-15
79.0	1.077809e-15
80.0	1.068735e-15
81.0	1.059764e-15
82.0	1.050896e-15
83.0	1.042129e-15
84.0	1.033464e-15
85.0	1.024899e-15
86.0	1.016435e-15
87.0	1.008069e-15
88.0	9.998029e-16
89.0	9.916341e-16
90.0	9.835623e-16
91.0	9.755864e-16
92.0	9.677056e-16
93.0	9.599189e-16
94.0	9.522254e-16
95.0	9.446239e-16
96.0	9.371135e-16
97.0	9.296931e-16
98.0	9.223617e-16
99.0	9.151181e-16
100.0	9.079614e-16
101.0	9.008905e-16
102.0	8.939042e-16
103.0	8.870015e-16
104.0	8.801813e-16
105.0	8.734425e-16
106.0	8.667841e-16
107.0	8.602050e-16
108.0	8.537040e-16
109.0	8.472802e-16
110.0	8.409325e-16
111.0	8.346598e-16
112.0	8.284611e-16
113.0	8.223354e-16
114.0	8.162816e-16
115.0	8.102987e-16
116.0	8.043858e-16
117.0	7.985419e-16
118.0	7.927659e-16
119.0	7.870569e-16
120.0	7.814139e-16
121.0	7.758361e-16
122.0	7.703224e-16
123.0	7.648719e-16
124.0	7.594838e-16
125.0	7.541572e-16
126.0	7.488911e-16
127.0	7.436847e-16
128.0	7.385371e-16
129.0	7.334475e-16
130.0	7.284150e-16
131.0	7.234389e-16
132.0	7.185182e-16
133.0	7.136523e-16
134.0	7.088403e-16
135.0	7.040815e-16
136.0	6.993751e-16
137.0	6.947202e-16
138.0	6.901163e-16
139.0	6.855626e-16
140.0	6.810583e-16
141.0	6.766028e-16
142.0	6.721953e-16
143.0	6.678352e-16
144.0	6.635219e-16
145.0	6.592545e-16
146.0	6.550325e-16
147.0	6.508553e-16
148.0	6.467222e-16
149.0	6.426326e-16
150.0	6.385859e-16
151.0	6.345814e-16
152.0	6.306187e-16
153.0	6.266971e-16
154.0	6.228160e-16
155.0	6.189749e-16
156.0	6.151732e-16
157.0	6.114105e-16
158.0	6.076860e-16
159.0	6.039994e-16
160.0	6.003501e-16
161.0	5.967376e-16
162.0	5.931613e-16
163.0	5.896209e-16
164.0	5.861158e-16
165.0	5.826455e-16
166.0	5.792096e-16
167.0	5.758076e-16
168.0	5.724390e-16
169.0	5.691035e-16
170.0	5.658005e-16
171.0	5.625296e-16
172.0	5.592904e-16
173.0	5.560825e-16
174.0	5.529055e-16
175.0	5.497590e-16
176.0	5.466425e-16
177.0	5.435557e-16
178.0	5.404981e-16
179.0	5.374695e-16
180.0	5.344694e-16
181.0	5.314975e-16
182.0	5.285533e-16
183.0	5.256366e-16
184.0	5.227470e-16
185.0	5.198842e-16
186.0	5.170477e-16
187.0	5.142373e-16
188.0	5.114527e-16
189.0	5.086934e-16
190.0	5.059593e-16
191.0	5.032499e-16
192.0	5.005650e-16
193.0	4.979043e-16
194.0	4.952674e-16
195.0	4.926541e-16
196.0	4.900641e-16
197.0	4.874971e-16
198.0	4.849528e-16
199.0	4.824309e-16
200.0	4.799312e-16
201.0	4.774533e-16
202.0	4.749971e-16
203.0	4.725623e-16
204.0	4.701485e-16
205.0	4.677556e-16
206.0	4.653833e-16
207.0	4.630313e-16
208.0	4.606995e-16
209.0	4.583875e-16
210.0	4.560952e-16
211.0	4.538223e-16
212.0	4.515685e-16
213.0	4.493338e-16
214.0	4.471177e-16
215.0	4.449202e-16
216.0	4.427409e-16
217.0	4.405797e-16
218.0	4.384365e-16
219.0	4.363108e-16
220.0	4.342027e-16
221.0	4.321118e-16
222.0	4.300380e-16
223.0	4.279811e-16
224.0	4.259408e-16
225.0	4.239171e-16
226.0	4.219097e-16
227.0	4.199183e-16
228.0	4.179430e-16
229.0	4.159834e-16
230.0	4.140394e-16
231.0	4.121108e-16
232.0	4.101975e-16
233.0	4.082992e-16
234.0	4.064159e-16
235.0	4.045473e-16
236.0	4.026933e-16
237.0	4.008537e-16
238.0	3.990284e-16
239.0	3.972173e-16
240.0	3.954201e-16
241.0	3.936367e-16
242.0	3.918669e-16
243.0	3.901107e-16
244.0	3.883679e-16
245.0	3.866383e-16
246.0	3.849218e-16
247.0	3.832182e-16
248.0	3.815275e-16
249.0	3.798494e-16
250.0	3.781839e-16
251.0	3.765304e-16
252.0	3.748892e-16
253.0	3.732603e-16
254.0	3.716434e-16
255.0	3.700385e-16
256.0	3.684456e-16
257.0	3.668645e-16
258.0	3.652954e-16
259.0	3.637377e-16
260.0	3.621910e-16
261.0	3.606550e-16
262.0	3.591296e-16
263.0	3.576152e-16
264.0	3.561123e-16
265.0	3.546202e-16
266.0	3.531391e-16
267.0	3.516686e-16
268.0	3.502083e-16
269.0	3.487577e-16
270.0	3.473176e-16
271.0	3.458881e-16
272.0	3.444685e-16
273.0	3.430582e-16
274.0	3.416580e-16
275.0	3.402678e-16
276.0	3.388871e-16
277.0	3.375160e-16
278.0	3.361541e-16
279.0	3.348014e-16
280.0	3.334581e-16
281.0	3.321240e-16
282.0	3.307992e-16
283.0	3.294839e-16
284.0	3.281779e-16
285.0	3.268797e-16
286.0	3.255903e-16
287.0	3.243097e-16
288.0	3.230376e-16
289.0	3.217735e-16
290.0	3.205176e-16
291.0	3.192701e-16
292.0	3.180312e-16
293.0	3.168009e-16
294.0	3.155788e-16
295.0	3.143655e-16
296.0	3.131601e-16
297.0	3.119626e-16
298.0	3.107724e-16
299.0	3.095893e-16
300.0	3.084137e-16
