Excitation energy (eV): 0.855
Energy (eV)	Rate coefficient (m^3/s)
0.0	0.000000e+00
1.0	1.049041e-15
2.0	2.205973e-15
3.0	2.175608e-15
4.0	1.902091e-15
5.0	1.626678e-15
6.0	1.393648e-15
7.0	1.203946e-15
8.0	1.050206e-15
9.0	9.248164e-16
10.0	8.215370e-16
11.0	7.355585e-16
12.0	6.632343e-16
13.0	6.017990e-16
14.0	5.491409e-16
15.0	5.036325e-16
16.0	4.640060e-16
17.0	4.292635e-16
18.0	3.986114e-16
19.0	3.714124e-16
20.0	3.471502e-16
21.0	3.254024e-16
22.0	3.058214e-16
23.0	2.881183e-16
24.0	2.720517e-16
25.0	2.574183e-16
26.0	2.440462e-16
27.0	2.317888e-16
28.0	2.205209e-16
29.0	2.101343e-16
30.0	2.005359e-16
31.0	1.916447e-16
32.0	1.833900e-16
33.0	1.757099e-16
34.0	1.685501e-16
35.0	1.618627e-16
36.0	1.556053e-16
37.0	1.497401e-16
38.0	1.442337e-16
39.0	1.390562e-16
40.0	1.341807e-16
41.0	1.295831e-16
42.0	1.252419e-16
43.0	1.211375e-16
44.0	1.172521e-16
45.0	1.135699e-16
46.0	1.100762e-16
47.0	1.067578e-16
48.0	1.036027e-16
49.0	1.005998e-16
50.0	9.773914e-17
51.0	9.501137e-17
52.0	9.240805e-17
53.0	8.992138e-17
54.0	8.754417e-17
55.0	8.526981e-17
56.0	8.309217e-17
57.0	8.100560e-17
58.0	7.900486e-17
59.0	7.708508e-17
60.0	7.524177e-17
61.0	7.347071e-17
62.0	7.176802e-17
63.0	7.013005e-17
64.0	6.855342e-17
65.0	6.703496e-17
66.0	6.557171e-17
67.0	6.416089e-17
68.0	6.279993e-17
69.0	6.148639e-17
70.0	6.021798e-17
71.0	5.899257e-17
72.0	5.780815e-17
73.0	5.666282e-17
74.0	5.555480e-17
75.0	5.448241e-17
76.0	5.344407e-17
77.0	5.243828e-17
78.0	5.146364e-17
79.0	5.051881e-17
80.0	4.960253e-17
81.0	4.871360e-17
82.0	4.785091e-17
83.0	4.701337e-17
84.0	4.619997e-17
85.0	4.540976e-17
86.0	4.464180e-17
87.0	4.389525e-17
88.0	4.316927e-17
89.0	4.246307e-17
90.0	4.177592e-17
91.0	4.110709e-17
92.0	4.045592e-17
93.0	3.982176e-17
94.0	3.920399e-17
95.0	3.860202e-17
96.0	3.801530e-17
97.0	3.744329e-17
98.0	3.688548e-17
99.0	3.634137e-17
100.0	3.581051e-17
101.0	3.529245e-17
102.0	3.478676e-17
103.0	3.429303e-17
104.0	3.381086e-17
105.0	3.333988e-17
106.0	3.287974e-17
107.0	3.243008e-17
108.0	3.199058e-17
109.0	3.156091e-17
110.0	3.114078e-17
111.0	3.072988e-17
112.0	3.032794e-17
113.0	2.993468e-17
114.0	2.954984e-17
115.0	2.917319e-17
116.0	2.880446e-17
117.0	2.844343e-17
118.0	2.808989e-17
119.0	2.774360e-17
120.0	2.740437e-17
121.0	2.707200e-17
122.0	2.674629e-17
123.0	2.642706e-17
124.0	2.611413e-17
125.0	2.580732e-17
126.0	2.550648e-17
127.0	2.521143e-17
128.0	2.492203e-17
129.0	2.463812e-17
130.0	2.435956e-17
131.0	2.408621e-17
132.0	2.381793e-17
133.0	2.355460e-17
134.0	2.329608e-17
135.0	2.304226e-17
136.0	2.279301e-17
137.0	2.254822e-17
138.0	2.230779e-17
139.0	2.207159e-17
140.0	2.183953e-17
141.0	2.161152e-17
142.0	2.138744e-17
143.0	2.116720e-17
144.0	2.095072e-17
145.0	2.073791e-17
146.0	2.052867e-17
147.0	2.032292e-17
148.0	2.012059e-17
149.0	1.992160e-17
150.0	1.972586e-17
151.0	1.953331e-17
152.0	1.934387e-17
153.0	1.915747e-17
154.0	1.897405e-17
155.0	1.879353e-17
156.0	1.861586e-17
157.0	1.844097e-17
158.0	1.826880e-17
159.0	1.809929e-17
160.0	1.793239e-17
161.0	1.776804e-17
162.0	1.760618e-17
163.0	1.744677e-17
164.0	1.728974e-17
165.0	1.713506e-17
166.0	1.698267e-17
167.0	1.683252e-17
168.0	1.668458e-17
169.0	1.653879e-17
170.0	1.639510e-17
171.0	1.625349e-17
172.0	1.611391e-17
173.0	1.597631e-17
174.0	1.584065e-17
175.0	1.570691e-17
176.0	1.557504e-17
177.0	1.544500e-17
178.0	1.531676e-17
179.0	1.519029e-17
180.0	1.506555e-17
181.0	1.494250e-17
182.0	1.482112e-17
183.0	1.470138e-17
184.0	1.458324e-17
185.0	1.446667e-17
186.0	1.435165e-17
187.0	1.423814e-17
188.0	1.412612e-17
189.0	1.401557e-17
190.0	1.390645e-17
191.0	1.379873e-17
192.0	1.369240e-17
193.0	1.358743e-17
194.0	1.348379e-17
195.0	1.338146e-17
196.0	1.328042e-17
197.0	1.318065e-17
198.0	1.308212e-17
199.0	1.298481e-17
200.0	1.288870e-17
201.0	1.279377e-17
202.0	1.270000e-17
203.0	1.260737e-17
204.0	1.251586e-17
205.0	1.242545e-17
206.0	1.233613e-17
207.0	1.224787e-17
208.0	1.216065e-17
209.0	1.207447e-17
210.0	1.198930e-17
211.0	1.190513e-17
212.0	1.182194e-17
213.0	1.173971e-17
214.0	1.165843e-17
215.0	1.157808e-17
216.0	1.149866e-17
217.0	1.142013e-17
218.0	1.134250e-17
219.0	1.126574e-17
220.0	1.118984e-17
221.0	1.111480e-17
222.0	1.104058e-17
223.0	1.096719e-17
224.0	1.089461e-17
225.0	1.082283e-17
226.0	1.075183e-17
227.0	1.068160e-17
228.0	1.061214e-17
229.0	1.054342e-17
230.0	1.047544e-17
231.0	1.040819e-17
232.0	1.034166e-17
233.0	1.027583e-17
234.0	1.021070e-17
235.0	1.014625e-17
236.0	1.008248e-17
237.0	1.001937e-17
238.0	9.956920e-18
239.0	9.895114e-18
240.0	9.833946e-18
241.0	9.773405e-18
242.0	9.713482e-18
243.0	9.654170e-18
244.0	9.595458e-18
245.0	9.537339e-18
246.0	9.479805e-18
247.0	9.422847e-18
248.0	9.366456e-18
249.0	9.310626e-18
250.0	9.255348e-18
251.0	9.200616e-18
252.0	9.146420e-18
253.0	9.092754e-18
254.0	9.039612e-18
255.0	8.986984e-18
256.0	8.934866e-18
257.0	8.883249e-18
258.0	8.832127e-18
259.0	8.781494e-18
260.0	8.731343e-18
261.0	8.681667e-18
262.0	8.632460e-18
263.0	8.583717e-18
264.0	8.535430e-18
265.0	8.487595e-18
266.0	8.440204e-18
267.0	8.393253e-18
268.0	8.346736e-18
269.0	8.300647e-18
270.0	8.254980e-18
271.0	8.209730e-18
272.0	8.164893e-18
273.0	8.120462e-18
274.0	8.076432e-18
275.0	8.032799e-18
276.0	7.989558e-18
277.0	7.946703e-18
278.0	7.904229e-18
279.0	7.862133e-18
280.0	7.820409e-18
281.0	7.779053e-18
282.0	7.738060e-18
283.0	7.697426e-18
284.0	7.657146e-18
285.0	7.617216e-18
286.0	7.577632e-18
287.0	7.538390e-18
288.0	7.499485e-18
289.0	7.460913e-18
290.0	7.422672e-18
291.0	7.384755e-18
292.0	7.347161e-18
293.0	7.309884e-18
294.0	7.272922e-18
295.0	7.236270e-18
296.0	7.199924e-18
297.0	7.163882e-18
298.0	7.128140e-18
299.0	7.092694e-18
300.0	7.057540e-18
