Excitation energy (eV): 11.19
Energy (eV)	Rate coefficient (m^3/s)
0.0	0.000000e+00
1.0	5.029106e-23
2.0	6.884366e-19
3.0	1.769989e-17
4.0	8.663726e-17
5.0	2.168897e-16
6.0	3.893104e-16
7.0	5.795440e-16
8.0	7.692722e-16
9.0	9.475384e-16
10.0	1.108923e-15
11.0	1.251512e-15
12.0	1.375393e-15
13.0	1.481693e-15
14.0	1.572009e-15
15.0	1.648075e-15
16.0	1.711596e-15
17.0	1.764157e-15
18.0	1.807187e-15
19.0	1.841955e-15
20.0	1.869572e-15
21.0	1.891004e-15
22.0	1.907089e-15
23.0	1.918553e-15
24.0	1.926020e-15
25.0	1.930033e-15
26.0	1.931058e-15
27.0	1.929501e-15
28.0	1.925712e-15
29.0	1.919995e-15
30.0	1.912614e-15
31.0	1.903800e-15
32.0	1.893753e-15
33.0	1.882648e-15
34.0	1.870638e-15
35.0	1.857856e-15
36.0	1.844421e-15
37.0	1.830435e-15
38.0	1.815988e-15
39.0	1.801160e-15
40.0	1.786021e-15
41.0	1.770632e-15
42.0	1.755048e-15
43.0	1.739316e-15
44.0	1.723478e-15
45.0	1.707571e-15
46.0	1.691628e-15
47.0	1.675677e-15
48.0	1.659744e-15
49.0	1.643851e-15
50.0	1.628017e-15
51.0	1.612260e-15
52.0	1.596593e-15
53.0	1.581031e-15
54.0	1.565584e-15
55.0	1.550262e-15
56.0	1.535074e-15
57.0	1.520026e-15
58.0	1.505126e-15
59.0	1.490378e-15
60.0	1.475786e-15
61.0	1.461354e-15
62.0	1.447085e-15
63.0	1.432982e-15
64.0	1.419045e-15
65.0	1.405277e-15
66.0	1.391679e-15
67.0	1.378250e-15
68.0	1.364991e-15
69.0	1.351901e-15
70.0	1.338981e-15
71.0	1.326230e-15
72.0	1.313646e-15
73.0	1.301230e-15
74.0	1.288979e-15
75.0	1.276892e-15
76.0	1.264968e-15
77.0	1.253205e-15
78.0	1.241601e-15
79.0	1.230156e-15
80.0	1.218866e-15
81.0	1.207731e-15
82.0	1.196748e-15
83.0	1.185915e-15
84.0	1.175230e-15
85.0	1.164691e-15
86.0	1.154297e-15
87.0	1.144045e-15
88.0	1.133934e-15
89.0	1.123960e-15
90.0	1.114122e-15
91.0	1.104419e-15
92.0	1.094847e-15
93.0	1.085405e-15
94.0	1.076092e-15
95.0	1.066904e-15
96.0	1.057840e-15
97.0	1.048898e-15
98.0	1.040076e-15
99.0	1.031372e-15
100.0	1.022785e-15
101.0	1.014312e-15
102.0	1.005951e-15
103.0	9.977008e-16
104.0	9.895595e-16
105.0	9.815253e-16
106.0	9.735965e-16
107.0	9.657712e-16
108.0	9.580477e-16
109.0	9.504245e-16
110.0	9.428998e-16
111.0	9.354720e-16
112.0	9.281396e-16
113.0	9.209010e-16
114.0	9.137545e-16
115.0	9.066988e-16
116.0	8.997323e-16
117.0	8.928536e-16
118.0	8.860612e-16
119.0	8.793536e-16
120.0	8.727296e-16
121.0	8.661878e-16
122.0	8.597267e-16
123.0	8.533452e-16
124.0	8.470418e-16
125.0	8.408154e-16
126.0	8.346648e-16
127.0	8.285885e-16
128.0	8.225856e-16
129.0	8.166548e-16
130.0	8.107949e-16
131.0	8.050048e-16
132.0	7.992834e-16
133.0	7.936296e-16
134.0	7.880424e-16
135.0	7.825206e-16
136.0	7.770633e-16
137.0	7.716695e-16
138.0	7.663381e-16
139.0	7.610681e-16
140.0	7.558587e-16
141.0	7.507088e-16
142.0	7.456175e-16
143.0	7.405840e-16
144.0	7.356074e-16
145.0	7.306867e-16
146.0	7.258212e-16
147.0	7.210099e-16
148.0	7.162521e-16
149.0	7.115470e-16
150.0	7.068937e-16
151.0	7.022914e-16
152.0	6.977395e-16
153.0	6.932371e-16
154.0	6.887836e-16
155.0	6.843781e-16
156.0	6.800200e-16
157.0	6.757086e-16
158.0	6.714431e-16
159.0	6.672230e-16
160.0	6.630476e-16
161.0	6.589161e-16
162.0	6.548281e-16
163.0	6.507827e-16
164.0	6.467795e-16
165.0	6.428178e-16
166.0	6.388970e-16
167.0	6.350166e-16
168.0	6.311760e-16
169.0	6.273745e-16
170.0	6.236117e-16
171.0	6.198870e-16
172.0	6.161999e-16
173.0	6.125499e-16
174.0	6.089364e-16
175.0	6.053589e-16
176.0	6.018169e-16
177.0	5.983100e-16
178.0	5.948377e-16
179.0	5.913994e-16
180.0	5.879948e-16
181.0	5.846234e-16
182.0	5.812846e-16
183.0	5.779782e-16
184.0	5.747036e-16
185.0	5.714604e-16
186.0	5.682482e-16
187.0	5.650666e-16
188.0	5.619152e-16
189.0	5.587935e-16
190.0	5.557013e-16
191.0	5.526380e-16
192.0	5.496034e-16
193.0	5.465971e-16
194.0	5.436186e-16
195.0	5.406677e-16
196.0	5.377439e-16
197.0	5.348470e-16
198.0	5.319766e-16
199.0	5.291323e-16
200.0	5.263138e-16
201.0	5.235207e-16
202.0	5.207529e-16
203.0	5.180099e-16
204.0	5.152914e-16
205.0	5.125972e-16
206.0	5.099269e-16
207.0	5.072802e-16
208.0	5.046568e-16
209.0	5.020565e-16
210.0	4.994790e-16
211.0	4.969239e-16
212.0	4.943911e-16
213.0	4.918802e-16
214.0	4.893910e-16
215.0	4.869232e-16
216.0	4.844765e-16
217.0	4.820508e-16
218.0	4.796457e-16
219.0	4.772610e-16
220.0	4.748965e-16
221.0	4.725519e-16
222.0	4.702270e-16
223.0	4.679215e-16
224.0	4.656353e-16
225.0	4.633681e-16
226.0	4.611196e-16
227.0	4.588898e-16
228.0	4.566782e-16
229.0	4.544848e-16
230.0	4.523094e-16
231.0	4.501517e-16
232.0	4.480114e-16
233.0	4.458885e-16
234.0	4.437828e-16
235.0	4.416939e-16
236.0	4.396218e-16
237.0	4.375663e-16
238.0	4.355271e-16
239.0	4.335041e-16
240.0	4.314971e-16
241.0	4.295059e-16
242.0	4.275304e-16
243.0	4.255703e-16
244.0	4.236255e-16
245.0	4.216959e-16
246.0	4.197813e-16
247.0	4.178815e-16
248.0	4.159963e-16
249.0	4.141256e-16
250.0	4.122692e-16
251.0	4.104271e-16
252.0	4.085989e-16
253.0	4.067845e-16
254.0	4.049838e-16
255.0	4.031968e-16
256.0	4.014232e-16
257.0	3.996629e-16
258.0	3.979157e-16
259.0	3.961815e-16
260.0	3.944603e-16
261.0	3.927518e-16
262.0	3.910558e-16
263.0	3.893723e-16
264.0	3.877013e-16
265.0	3.860425e-16
266.0	3.843957e-16
267.0	3.827609e-16
268.0	3.811379e-16
269.0	3.795268e-16
270.0	3.779272e-16
271.0	3.763391e-16
272.0	3.747623e-16
273.0	3.731969e-16
274.0	3.716426e-16
275.0	3.700994e-16
276.0	3.685670e-16
277.0	3.670454e-16
278.0	3.655345e-16
279.0	3.640344e-16
280.0	3.625447e-16
281.0	3.610654e-16
282.0	3.595964e-16
283.0	3.581374e-16
284.0	3.566887e-16
285.0	3.552500e-16
286.0	3.538211e-16
287.0	3.524020e-16
288.0	3.509927e-16
289.0	3.495930e-16
290.0	3.482028e-16
291.0	3.468220e-16
292.0	3.454506e-16
293.0	3.440883e-16
294.0	3.427351e-16
295.0	3.413913e-16
296.0	3.400564e-16
297.0	3.387303e-16
298.0	3.374131e-16
299.0	3.361045e-16
300.0	3.348046e-16
