Excitation energy (eV): 1.408
Energy (eV)	Rate coefficient (m^3/s)
0.0	0.000000e+00
1.0	2.990221e-16
2.0	7.248822e-16
3.0	7.496070e-16
4.0	6.710843e-16
5.0	5.821340e-16
6.0	5.034910e-16
7.0	4.379114e-16
8.0	3.839365e-16
9.0	3.394344e-16
10.0	3.024822e-16
11.0	2.715268e-16
12.0	2.453569e-16
13.0	2.230357e-16
14.0	2.038381e-16
15.0	1.871990e-16
16.0	1.726744e-16
17.0	1.599125e-16
18.0	1.486318e-16
19.0	1.386053e-16
20.0	1.296480e-16
21.0	1.216083e-16
22.0	1.143609e-16
23.0	1.078015e-16
24.0	1.018425e-16
25.0	9.641018e-17
26.0	9.144196e-17
27.0	8.688443e-17
28.0	8.269181e-17
29.0	7.882463e-17
30.0	7.524872e-17
31.0	7.193439e-17
32.0	6.885569e-17
33.0	6.598989e-17
34.0	6.331700e-17
35.0	6.081937e-17
36.0	5.848135e-17
37.0	5.628905e-17
38.0	5.423011e-17
39.0	5.229345e-17
40.0	5.046917e-17
41.0	4.874836e-17
42.0	4.712300e-17
43.0	4.558586e-17
44.0	4.413038e-17
45.0	4.275062e-17
46.0	4.144120e-17
47.0	4.019719e-17
48.0	3.901413e-17
49.0	3.788791e-17
50.0	3.681478e-17
51.0	3.579132e-17
52.0	3.481437e-17
53.0	3.388102e-17
54.0	3.298861e-17
55.0	3.213465e-17
56.0	3.131688e-17
57.0	3.053319e-17
58.0	2.978162e-17
59.0	2.906036e-17
60.0	2.836772e-17
61.0	2.770215e-17
62.0	2.706218e-17
63.0	2.644647e-17
64.0	2.585373e-17
65.0	2.528280e-17
66.0	2.473256e-17
67.0	2.420198e-17
68.0	2.369010e-17
69.0	2.319599e-17
70.0	2.271882e-17
71.0	2.225777e-17
72.0	2.181211e-17
73.0	2.138111e-17
74.0	2.096411e-17
75.0	2.056049e-17
76.0	2.016965e-17
77.0	1.979103e-17
78.0	1.942411e-17
79.0	1.906837e-17
80.0	1.872337e-17
81.0	1.838863e-17
82.0	1.806375e-17
83.0	1.774832e-17
84.0	1.744196e-17
85.0	1.714431e-17
86.0	1.685503e-17
87.0	1.657379e-17
88.0	1.630028e-17
89.0	1.603421e-17
90.0	1.577530e-17
91.0	1.552328e-17
92.0	1.527790e-17
93.0	1.503891e-17
94.0	1.480609e-17
95.0	1.457921e-17
96.0	1.435806e-17
97.0	1.414245e-17
98.0	1.393218e-17
99.0	1.372707e-17
100.0	1.352694e-17
101.0	1.333162e-17
102.0	1.314096e-17
103.0	1.295480e-17
104.0	1.277299e-17
105.0	1.259539e-17
106.0	1.242188e-17
107.0	1.225230e-17
108.0	1.208655e-17
109.0	1.192451e-17
110.0	1.176605e-17
111.0	1.161107e-17
112.0	1.145946e-17
113.0	1.131112e-17
114.0	1.116595e-17
115.0	1.102386e-17
116.0	1.088476e-17
117.0	1.074856e-17
118.0	1.061518e-17
119.0	1.048453e-17
120.0	1.035654e-17
121.0	1.023113e-17
122.0	1.010823e-17
123.0	9.987773e-18
124.0	9.869689e-18
125.0	9.753912e-18
126.0	9.640382e-18
127.0	9.529036e-18
128.0	9.419817e-18
129.0	9.312668e-18
130.0	9.207535e-18
131.0	9.104365e-18
132.0	9.003107e-18
133.0	8.903712e-18
134.0	8.806132e-18
135.0	8.710321e-18
136.0	8.616235e-18
137.0	8.523830e-18
138.0	8.433065e-18
139.0	8.343900e-18
140.0	8.256294e-18
141.0	8.170211e-18
142.0	8.085612e-18
143.0	8.002464e-18
144.0	7.920731e-18
145.0	7.840379e-18
146.0	7.761377e-18
147.0	7.683693e-18
148.0	7.607295e-18
149.0	7.532155e-18
150.0	7.458244e-18
151.0	7.385534e-18
152.0	7.313997e-18
153.0	7.243608e-18
154.0	7.174340e-18
155.0	7.106170e-18
156.0	7.039071e-18
157.0	6.973023e-18
158.0	6.908000e-18
159.0	6.843982e-18
160.0	6.780946e-18
161.0	6.718872e-18
162.0	6.657739e-18
163.0	6.597527e-18
164.0	6.538218e-18
165.0	6.479792e-18
166.0	6.422230e-18
167.0	6.365516e-18
168.0	6.309632e-18
169.0	6.254560e-18
170.0	6.200285e-18
171.0	6.146790e-18
172.0	6.094060e-18
173.0	6.042080e-18
174.0	5.990834e-18
175.0	5.940309e-18
176.0	5.890489e-18
177.0	5.841363e-18
178.0	5.792915e-18
179.0	5.745133e-18
180.0	5.698004e-18
181.0	5.651516e-18
182.0	5.605657e-18
183.0	5.560415e-18
184.0	5.515778e-18
185.0	5.471734e-18
186.0	5.428274e-18
187.0	5.385386e-18
188.0	5.343060e-18
189.0	5.301286e-18
190.0	5.260052e-18
191.0	5.219351e-18
192.0	5.179172e-18
193.0	5.139505e-18
194.0	5.100343e-18
195.0	5.061675e-18
196.0	5.023493e-18
197.0	4.985789e-18
198.0	4.948554e-18
199.0	4.911780e-18
200.0	4.875459e-18
201.0	4.839584e-18
202.0	4.804147e-18
203.0	4.769140e-18
204.0	4.734556e-18
205.0	4.700388e-18
206.0	4.666628e-18
207.0	4.633272e-18
208.0	4.600310e-18
209.0	4.567738e-18
210.0	4.535548e-18
211.0	4.503734e-18
212.0	4.472291e-18
213.0	4.441211e-18
214.0	4.410490e-18
215.0	4.380122e-18
216.0	4.350100e-18
217.0	4.320420e-18
218.0	4.291075e-18
219.0	4.262062e-18
220.0	4.233374e-18
221.0	4.205006e-18
222.0	4.176954e-18
223.0	4.149212e-18
224.0	4.121775e-18
225.0	4.094640e-18
226.0	4.067802e-18
227.0	4.041255e-18
228.0	4.014995e-18
229.0	3.989019e-18
230.0	3.963322e-18
231.0	3.937899e-18
232.0	3.912747e-18
233.0	3.887862e-18
234.0	3.863239e-18
235.0	3.838875e-18
236.0	3.814766e-18
237.0	3.790909e-18
238.0	3.767299e-18
239.0	3.743933e-18
240.0	3.720807e-18
241.0	3.697919e-18
242.0	3.675264e-18
243.0	3.652840e-18
244.0	3.630643e-18
245.0	3.608670e-18
246.0	3.586917e-18
247.0	3.565382e-18
248.0	3.544062e-18
249.0	3.522953e-18
250.0	3.502053e-18
251.0	3.481359e-18
252.0	3.460868e-18
253.0	3.440577e-18
254.0	3.420484e-18
255.0	3.400585e-18
256.0	3.380879e-18
257.0	3.361362e-18
258.0	3.342032e-18
259.0	3.322887e-18
260.0	3.303924e-18
261.0	3.285140e-18
262.0	3.266534e-18
263.0	3.248103e-18
264.0	3.229844e-18
265.0	3.211756e-18
266.0	3.193836e-18
267.0	3.176082e-18
268.0	3.158492e-18
269.0	3.141064e-18
270.0	3.123795e-18
271.0	3.106684e-18
272.0	3.089729e-18
273.0	3.072927e-18
274.0	3.056278e-18
275.0	3.039777e-18
276.0	3.023425e-18
277.0	3.007219e-18
278.0	2.991157e-18
279.0	2.975238e-18
280.0	2.959459e-18
281.0	2.943820e-18
282.0	2.928317e-18
283.0	2.912950e-18
284.0	2.897717e-18
285.0	2.882617e-18
286.0	2.867647e-18
287.0	2.852806e-18
288.0	2.838093e-18
289.0	2.823505e-18
290.0	2.809043e-18
291.0	2.794703e-18
292.0	2.780485e-18
293.0	2.766387e-18
294.0	2.752408e-18
295.0	2.738546e-18
296.0	2.724800e-18
297.0	2.711169e-18
298.0	2.697651e-18
299.0	2.684245e-18
300.0	2.670950e-18
