Excitation energy (eV): 8.04
Energy (eV)	Rate coefficient (m^3/s)
0.0	0.000000e+00
1.0	4.720409e-20
2.0	2.613189e-17
3.0	2.008150e-16
4.0	5.324549e-16
5.0	9.271494e-16
6.0	1.313986e-15
7.0	1.660642e-15
8.0	1.957810e-15
9.0	2.206672e-15
10.0	2.412317e-15
11.0	2.580765e-15
12.0	2.717760e-15
13.0	2.828358e-15
14.0	2.916856e-15
15.0	2.986846e-15
16.0	3.041311e-15
17.0	3.082722e-15
18.0	3.113131e-15
19.0	3.134244e-15
20.0	3.147486e-15
21.0	3.154049e-15
22.0	3.154938e-15
23.0	3.151000e-15
24.0	3.142952e-15
25.0	3.131407e-15
26.0	3.116884e-15
27.0	3.099832e-15
28.0	3.080632e-15
29.0	3.059616e-15
30.0	3.037069e-15
31.0	3.013237e-15
32.0	2.988335e-15
33.0	2.962547e-15
34.0	2.936037e-15
35.0	2.908945e-15
36.0	2.881393e-15
37.0	2.853489e-15
38.0	2.825326e-15
39.0	2.796987e-15
40.0	2.768543e-15
41.0	2.740056e-15
42.0	2.711580e-15
43.0	2.683164e-15
44.0	2.654848e-15
45.0	2.626669e-15
46.0	2.598658e-15
47.0	2.570842e-15
48.0	2.543245e-15
49.0	2.515886e-15
50.0	2.488783e-15
51.0	2.461950e-15
52.0	2.435399e-15
53.0	2.409142e-15
54.0	2.383186e-15
55.0	2.357539e-15
56.0	2.332206e-15
57.0	2.307191e-15
58.0	2.282498e-15
59.0	2.258129e-15
60.0	2.234085e-15
61.0	2.210366e-15
62.0	2.186973e-15
63.0	2.163905e-15
64.0	2.141161e-15
65.0	2.118739e-15
66.0	2.096637e-15
67.0	2.074853e-15
68.0	2.053383e-15
69.0	2.032225e-15
70.0	2.011376e-15
71.0	1.990833e-15
72.0	1.970590e-15
73.0	1.950646e-15
74.0	1.930996e-15
75.0	1.911636e-15
76.0	1.892562e-15
77.0	1.873770e-15
78.0	1.855256e-15
79.0	1.837016e-15
80.0	1.819045e-15
81.0	1.801340e-15
82.0	1.783896e-15
83.0	1.766708e-15
84.0	1.749774e-15
85.0	1.733088e-15
86.0	1.716647e-15
87.0	1.700447e-15
88.0	1.684483e-15
89.0	1.668751e-15
90.0	1.653247e-15
91.0	1.637968e-15
92.0	1.622910e-15
93.0	1.608069e-15
94.0	1.593440e-15
95.0	1.579021e-15
96.0	1.564808e-15
97.0	1.550797e-15
98.0	1.536984e-15
99.0	1.523366e-15
100.0	1.509940e-15
101.0	1.496701e-15
102.0	1.483648e-15
103.0	1.470777e-15
104.0	1.458083e-15
105.0	1.445565e-15
106.0	1.433220e-15
107.0	1.421043e-15
108.0	1.409033e-15
109.0	1.397185e-15
110.0	1.385498e-15
111.0	1.373969e-15
112.0	1.362595e-15
113.0	1.351372e-15
114.0	1.340299e-15
115.0	1.329373e-15
116.0	1.318592e-15
117.0	1.307952e-15
118.0	1.297451e-15
119.0	1.287087e-15
120.0	1.276858e-15
121.0	1.266761e-15
122.0	1.256795e-15
123.0	1.246956e-15
124.0	1.237242e-15
125.0	1.227652e-15
126.0	1.218184e-15
127.0	1.208835e-15
128.0	1.199603e-15
129.0	1.190486e-15
130.0	1.181483e-15
131.0	1.172592e-15
132.0	1.163810e-15
133.0	1.155136e-15
134.0	1.146568e-15
135.0	1.138104e-15
136.0	1.129743e-15
137.0	1.121484e-15
138.0	1.113323e-15
139.0	1.105260e-15
140.0	1.097293e-15
141.0	1.089421e-15
142.0	1.081641e-15
143.0	1.073954e-15
144.0	1.066356e-15
145.0	1.058847e-15
146.0	1.051425e-15
147.0	1.044089e-15
148.0	1.036838e-15
149.0	1.029670e-15
150.0	1.022584e-15
151.0	1.015578e-15
152.0	1.008652e-15
153.0	1.001803e-15
154.0	9.950322e-16
155.0	9.883367e-16
156.0	9.817159e-16
157.0	9.751684e-16
158.0	9.686933e-16
159.0	9.622895e-16
160.0	9.559558e-16
161.0	9.496912e-16
162.0	9.434948e-16
163.0	9.373654e-16
164.0	9.313020e-16
165.0	9.253038e-16
166.0	9.193697e-16
167.0	9.134988e-16
168.0	9.076901e-16
169.0	9.019428e-16
170.0	8.962560e-16
171.0	8.906288e-16
172.0	8.850603e-16
173.0	8.795497e-16
174.0	8.740961e-16
175.0	8.686988e-16
176.0	8.633569e-16
177.0	8.580697e-16
178.0	8.528364e-16
179.0	8.476562e-16
180.0	8.425284e-16
181.0	8.374523e-16
182.0	8.324270e-16
183.0	8.274520e-16
184.0	8.225266e-16
185.0	8.176500e-16
186.0	8.128216e-16
187.0	8.080407e-16
188.0	8.033066e-16
189.0	7.986188e-16
190.0	7.939767e-16
191.0	7.893795e-16
192.0	7.848267e-16
193.0	7.803178e-16
194.0	7.758520e-16
195.0	7.714289e-16
196.0	7.670479e-16
197.0	7.627084e-16
198.0	7.584098e-16
199.0	7.541518e-16
200.0	7.499336e-16
201.0	7.457548e-16
202.0	7.416150e-16
203.0	7.375135e-16
204.0	7.334498e-16
205.0	7.294236e-16
206.0	7.254343e-16
207.0	7.214815e-16
208.0	7.175647e-16
209.0	7.136834e-16
210.0	7.098372e-16
211.0	7.060256e-16
212.0	7.022482e-16
213.0	6.985047e-16
214.0	6.947945e-16
215.0	6.911172e-16
216.0	6.874725e-16
217.0	6.838600e-16
218.0	6.802791e-16
219.0	6.767297e-16
220.0	6.732112e-16
221.0	6.697234e-16
222.0	6.662657e-16
223.0	6.628380e-16
224.0	6.594397e-16
225.0	6.560706e-16
226.0	6.527303e-16
227.0	6.494185e-16
228.0	6.461348e-16
229.0	6.428789e-16
230.0	6.396504e-16
231.0	6.364491e-16
232.0	6.332747e-16
233.0	6.301267e-16
234.0	6.270049e-16
235.0	6.239090e-16
236.0	6.208388e-16
237.0	6.177938e-16
238.0	6.147738e-16
239.0	6.117786e-16
240.0	6.088078e-16
241.0	6.058612e-16
242.0	6.029385e-16
243.0	6.000393e-16
244.0	5.971636e-16
245.0	5.943109e-16
246.0	5.914811e-16
247.0	5.886738e-16
248.0	5.858889e-16
249.0	5.831261e-16
250.0	5.803850e-16
251.0	5.776657e-16
252.0	5.749675e-16
253.0	5.722905e-16
254.0	5.696343e-16
255.0	5.669988e-16
256.0	5.643839e-16
257.0	5.617890e-16
258.0	5.592142e-16
259.0	5.566591e-16
260.0	5.541237e-16
261.0	5.516076e-16
262.0	5.491107e-16
263.0	5.466325e-16
264.0	5.441734e-16
265.0	5.417327e-16
266.0	5.393103e-16
267.0	5.369062e-16
268.0	5.345199e-16
269.0	5.321515e-16
270.0	5.298008e-16
271.0	5.274673e-16
272.0	5.251511e-16
273.0	5.228520e-16
274.0	5.205698e-16
275.0	5.183043e-16
276.0	5.160554e-16
277.0	5.138227e-16
278.0	5.116062e-16
279.0	5.094059e-16
280.0	5.072214e-16
281.0	5.050526e-16
282.0	5.028994e-16
283.0	5.007615e-16
284.0	4.986389e-16
285.0	4.965316e-16
286.0	4.944390e-16
287.0	4.923612e-16
288.0	4.902981e-16
289.0	4.882496e-16
290.0	4.862154e-16
291.0	4.841954e-16
292.0	4.821895e-16
293.0	4.801975e-16
294.0	4.782191e-16
295.0	4.762548e-16
296.0	4.743039e-16
297.0	4.723663e-16
298.0	4.704421e-16
299.0	4.685310e-16
300.0	4.666328e-16
