Excitation energy (eV): 2.211
Energy (eV)	Rate coefficient (m^3/s)
0.0	0.000000e+00
1.0	1.814854e-17
2.0	6.055682e-17
3.0	6.965969e-17
4.0	6.577353e-17
5.0	5.890780e-17
6.0	5.204656e-17
7.0	4.596148e-17
8.0	4.075893e-17
9.0	3.635579e-17
10.0	3.262879e-17
11.0	2.946028e-17
12.0	2.675006e-17
13.0	2.441630e-17
14.0	2.239317e-17
15.0	2.062791e-17
16.0	1.907814e-17
17.0	1.770968e-17
18.0	1.649480e-17
19.0	1.541084e-17
20.0	1.443918e-17
21.0	1.356441e-17
22.0	1.277368e-17
23.0	1.205623e-17
24.0	1.140299e-17
25.0	1.080625e-17
26.0	1.025946e-17
27.0	9.757000e-18
28.0	9.294027e-18
29.0	8.866355e-18
30.0	8.470349e-18
31.0	8.102838e-18
32.0	7.761045e-18
33.0	7.442530e-18
34.0	7.145142e-18
35.0	6.866977e-18
36.0	6.606346e-18
37.0	6.361745e-18
38.0	6.131830e-18
39.0	5.915402e-18
40.0	5.711379e-18
41.0	5.518792e-18
42.0	5.336766e-18
43.0	5.164508e-18
44.0	5.001303e-18
45.0	4.846499e-18
46.0	4.699504e-18
47.0	4.559779e-18
48.0	4.426832e-18
49.0	4.300210e-18
50.0	4.179503e-18
51.0	4.064330e-18
52.0	3.954344e-18
53.0	3.849223e-18
54.0	3.748672e-18
55.0	3.652419e-18
56.0	3.560210e-18
57.0	3.471812e-18
58.0	3.387008e-18
59.0	3.305597e-18
60.0	3.227393e-18
61.0	3.152221e-18
62.0	3.079920e-18
63.0	3.010338e-18
64.0	2.943335e-18
65.0	2.878779e-18
66.0	2.816547e-18
67.0	2.756523e-18
68.0	2.698599e-18
69.0	2.642674e-18
70.0	2.588653e-18
71.0	2.536447e-18
72.0	2.485970e-18
73.0	2.437145e-18
74.0	2.389896e-18
75.0	2.344153e-18
76.0	2.299850e-18
77.0	2.256924e-18
78.0	2.215317e-18
79.0	2.174971e-18
80.0	2.135835e-18
81.0	2.097857e-18
82.0	2.060992e-18
83.0	2.025193e-18
84.0	1.990418e-18
85.0	1.956626e-18
86.0	1.923780e-18
87.0	1.891841e-18
88.0	1.860777e-18
89.0	1.830552e-18
90.0	1.801137e-18
91.0	1.772501e-18
92.0	1.744616e-18
93.0	1.717454e-18
94.0	1.690989e-18
95.0	1.665196e-18
96.0	1.640052e-18
97.0	1.615535e-18
98.0	1.591622e-18
99.0	1.568293e-18
100.0	1.545528e-18
101.0	1.523309e-18
102.0	1.501616e-18
103.0	1.480434e-18
104.0	1.459744e-18
105.0	1.439532e-18
106.0	1.419782e-18
107.0	1.400480e-18
108.0	1.381610e-18
109.0	1.363161e-18
110.0	1.345118e-18
111.0	1.327470e-18
112.0	1.310204e-18
113.0	1.293309e-18
114.0	1.276774e-18
115.0	1.260588e-18
116.0	1.244742e-18
117.0	1.229224e-18
118.0	1.214026e-18
119.0	1.199139e-18
120.0	1.184553e-18
121.0	1.170261e-18
122.0	1.156254e-18
123.0	1.142523e-18
124.0	1.129063e-18
125.0	1.115864e-18
126.0	1.102921e-18
127.0	1.090226e-18
128.0	1.077772e-18
129.0	1.065554e-18
130.0	1.053565e-18
131.0	1.041799e-18
132.0	1.030250e-18
133.0	1.018913e-18
134.0	1.007783e-18
135.0	9.968531e-19
136.0	9.861197e-19
137.0	9.755776e-19
138.0	9.652219e-19
139.0	9.550481e-19
140.0	9.450517e-19
141.0	9.352285e-19
142.0	9.255742e-19
143.0	9.160849e-19
144.0	9.067566e-19
145.0	8.975855e-19
146.0	8.885680e-19
147.0	8.797004e-19
148.0	8.709793e-19
149.0	8.624014e-19
150.0	8.539632e-19
151.0	8.456618e-19
152.0	8.374940e-19
153.0	8.294568e-19
154.0	8.215474e-19
155.0	8.137628e-19
156.0	8.061003e-19
157.0	7.985574e-19
158.0	7.911313e-19
159.0	7.838196e-19
160.0	7.766198e-19
161.0	7.695296e-19
162.0	7.625466e-19
163.0	7.556685e-19
164.0	7.488932e-19
165.0	7.422186e-19
166.0	7.356424e-19
167.0	7.291628e-19
168.0	7.227778e-19
169.0	7.164854e-19
170.0	7.102838e-19
171.0	7.041711e-19
172.0	6.981455e-19
173.0	6.922054e-19
174.0	6.863491e-19
175.0	6.805748e-19
176.0	6.748811e-19
177.0	6.692663e-19
178.0	6.637289e-19
179.0	6.582674e-19
180.0	6.528805e-19
181.0	6.475666e-19
182.0	6.423243e-19
183.0	6.371525e-19
184.0	6.320496e-19
185.0	6.270145e-19
186.0	6.220459e-19
187.0	6.171426e-19
188.0	6.123033e-19
189.0	6.075269e-19
190.0	6.028123e-19
191.0	5.981584e-19
192.0	5.935640e-19
193.0	5.890282e-19
194.0	5.845498e-19
195.0	5.801279e-19
196.0	5.757614e-19
197.0	5.714495e-19
198.0	5.671910e-19
199.0	5.629853e-19
200.0	5.588312e-19
201.0	5.547279e-19
202.0	5.506747e-19
203.0	5.466705e-19
204.0	5.427146e-19
205.0	5.388062e-19
206.0	5.349445e-19
207.0	5.311287e-19
208.0	5.273580e-19
209.0	5.236318e-19
210.0	5.199492e-19
211.0	5.163096e-19
212.0	5.127122e-19
213.0	5.091564e-19
214.0	5.056415e-19
215.0	5.021669e-19
216.0	4.987319e-19
217.0	4.953358e-19
218.0	4.919782e-19
219.0	4.886582e-19
220.0	4.853755e-19
221.0	4.821293e-19
222.0	4.789192e-19
223.0	4.757445e-19
224.0	4.726048e-19
225.0	4.694994e-19
226.0	4.664279e-19
227.0	4.633897e-19
228.0	4.603844e-19
229.0	4.574114e-19
230.0	4.544702e-19
231.0	4.515605e-19
232.0	4.486816e-19
233.0	4.458332e-19
234.0	4.430149e-19
235.0	4.402261e-19
236.0	4.374664e-19
237.0	4.347354e-19
238.0	4.320328e-19
239.0	4.293580e-19
240.0	4.267107e-19
241.0	4.240905e-19
242.0	4.214970e-19
243.0	4.189298e-19
244.0	4.163886e-19
245.0	4.138730e-19
246.0	4.113826e-19
247.0	4.089170e-19
248.0	4.064760e-19
249.0	4.040592e-19
250.0	4.016662e-19
251.0	3.992968e-19
252.0	3.969506e-19
253.0	3.946272e-19
254.0	3.923265e-19
255.0	3.900480e-19
256.0	3.877914e-19
257.0	3.855566e-19
258.0	3.833431e-19
259.0	3.811507e-19
260.0	3.789791e-19
261.0	3.768281e-19
262.0	3.746973e-19
263.0	3.725866e-19
264.0	3.704956e-19
265.0	3.684241e-19
266.0	3.663718e-19
267.0	3.643385e-19
268.0	3.623239e-19
269.0	3.603278e-19
270.0	3.583500e-19
271.0	3.563902e-19
272.0	3.544482e-19
273.0	3.525238e-19
274.0	3.506167e-19
275.0	3.487268e-19
276.0	3.468538e-19
277.0	3.449974e-19
278.0	3.431576e-19
279.0	3.413341e-19
280.0	3.395267e-19
281.0	3.377351e-19
282.0	3.359593e-19
283.0	3.341990e-19
284.0	3.324540e-19
285.0	3.307241e-19
286.0	3.290092e-19
287.0	3.273090e-19
288.0	3.256234e-19
289.0	3.239523e-19
290.0	3.222954e-19
291.0	3.206525e-19
292.0	3.190236e-19
293.0	3.174084e-19
294.0	3.158068e-19
295.0	3.142187e-19
296.0	3.126438e-19
297.0	3.110820e-19
298.0	3.095331e-19
299.0	3.079971e-19
300.0	3.064738e-19
