Excitation energy (eV): 9.92
Energy (eV)	Rate coefficient (m^3/s)
0.0	0.000000e+00
1.0	1.194946e-22
2.0	3.312406e-19
3.0	5.009921e-18
4.0	1.950206e-17
5.0	4.365967e-17
6.0	7.403031e-17
7.0	1.071292e-16
8.0	1.404623e-16
9.0	1.724948e-16
10.0	2.023840e-16
11.0	2.297356e-16
12.0	2.544302e-16
13.0	2.765097e-16
14.0	2.961056e-16
15.0	3.133940e-16
16.0	3.285692e-16
17.0	3.418275e-16
18.0	3.533578e-16
19.0	3.633375e-16
20.0	3.719295e-16
21.0	3.792824e-16
22.0	3.855297e-16
23.0	3.907916e-16
24.0	3.951754e-16
25.0	3.987770e-16
26.0	4.016816e-16
27.0	4.039653e-16
28.0	4.056956e-16
29.0	4.069329e-16
30.0	4.077307e-16
31.0	4.081370e-16
32.0	4.081942e-16
33.0	4.079406e-16
34.0	4.074100e-16
35.0	4.066329e-16
36.0	4.056364e-16
37.0	4.044451e-16
38.0	4.030806e-16
39.0	4.015627e-16
40.0	3.999089e-16
41.0	3.981350e-16
42.0	3.962553e-16
43.0	3.942825e-16
44.0	3.922283e-16
45.0	3.901029e-16
46.0	3.879158e-16
47.0	3.856754e-16
48.0	3.833893e-16
49.0	3.810644e-16
50.0	3.787070e-16
51.0	3.763225e-16
52.0	3.739161e-16
53.0	3.714923e-16
54.0	3.690553e-16
55.0	3.666088e-16
56.0	3.641562e-16
57.0	3.617004e-16
58.0	3.592443e-16
59.0	3.567902e-16
60.0	3.543404e-16
61.0	3.518970e-16
62.0	3.494616e-16
63.0	3.470359e-16
64.0	3.446214e-16
65.0	3.422193e-16
66.0	3.398307e-16
67.0	3.374568e-16
68.0	3.350984e-16
69.0	3.327563e-16
70.0	3.304313e-16
71.0	3.281239e-16
72.0	3.258347e-16
73.0	3.235641e-16
74.0	3.213127e-16
75.0	3.190807e-16
76.0	3.168684e-16
77.0	3.146761e-16
78.0	3.125039e-16
79.0	3.103521e-16
80.0	3.082207e-16
81.0	3.061098e-16
82.0	3.040195e-16
83.0	3.019498e-16
84.0	2.999008e-16
85.0	2.978723e-16
86.0	2.958644e-16
87.0	2.938769e-16
88.0	2.919099e-16
89.0	2.899632e-16
90.0	2.880367e-16
91.0	2.861303e-16
92.0	2.842438e-16
93.0	2.823771e-16
94.0	2.805302e-16
95.0	2.787027e-16
96.0	2.768945e-16
97.0	2.751056e-16
98.0	2.733356e-16
99.0	2.715845e-16
100.0	2.698519e-16
101.0	2.681378e-16
102.0	2.664420e-16
103.0	2.647642e-16
104.0	2.631043e-16
105.0	2.614620e-16
106.0	2.598372e-16
107.0	2.582296e-16
108.0	2.566391e-16
109.0	2.550655e-16
110.0	2.535085e-16
111.0	2.519680e-16
112.0	2.504437e-16
113.0	2.489355e-16
114.0	2.474432e-16
115.0	2.459665e-16
116.0	2.445053e-16
117.0	2.430593e-16
118.0	2.416285e-16
119.0	2.402125e-16
120.0	2.388112e-16
121.0	2.374244e-16
122.0	2.360520e-16
123.0	2.346936e-16
124.0	2.333493e-16
125.0	2.320187e-16
126.0	2.307016e-16
127.0	2.293980e-16
128.0	2.281077e-16
129.0	2.268303e-16
130.0	2.255659e-16
131.0	2.243142e-16
132.0	2.230751e-16
133.0	2.218483e-16
134.0	2.206338e-16
135.0	2.194313e-16
136.0	2.182408e-16
137.0	2.170620e-16
138.0	2.158948e-16
139.0	2.147390e-16
140.0	2.135945e-16
141.0	2.124612e-16
142.0	2.113388e-16
143.0	2.102274e-16
144.0	2.091266e-16
145.0	2.080364e-16
146.0	2.069567e-16
147.0	2.058872e-16
148.0	2.048279e-16
149.0	2.037786e-16
150.0	2.027393e-16
151.0	2.017097e-16
152.0	2.006898e-16
153.0	1.996793e-16
154.0	1.986783e-16
155.0	1.976866e-16
156.0	1.967040e-16
157.0	1.957305e-16
158.0	1.947659e-16
159.0	1.938101e-16
160.0	1.928630e-16
161.0	1.919245e-16
162.0	1.909945e-16
163.0	1.900729e-16
164.0	1.891595e-16
165.0	1.882544e-16
166.0	1.873572e-16
167.0	1.864681e-16
168.0	1.855868e-16
169.0	1.847132e-16
170.0	1.838474e-16
171.0	1.829891e-16
172.0	1.821383e-16
173.0	1.812949e-16
174.0	1.804588e-16
175.0	1.796299e-16
176.0	1.788081e-16
177.0	1.779934e-16
178.0	1.771856e-16
179.0	1.763847e-16
180.0	1.755905e-16
181.0	1.748031e-16
182.0	1.740223e-16
183.0	1.732480e-16
184.0	1.724802e-16
185.0	1.717188e-16
186.0	1.709637e-16
187.0	1.702148e-16
188.0	1.694721e-16
189.0	1.687355e-16
190.0	1.680049e-16
191.0	1.672803e-16
192.0	1.665615e-16
193.0	1.658485e-16
194.0	1.651413e-16
195.0	1.644398e-16
196.0	1.637439e-16
197.0	1.630535e-16
198.0	1.623687e-16
199.0	1.616892e-16
200.0	1.610151e-16
201.0	1.603463e-16
202.0	1.596828e-16
203.0	1.590244e-16
204.0	1.583712e-16
205.0	1.577230e-16
206.0	1.570798e-16
207.0	1.564416e-16
208.0	1.558083e-16
209.0	1.551798e-16
210.0	1.545561e-16
211.0	1.539372e-16
212.0	1.533229e-16
213.0	1.527133e-16
214.0	1.521082e-16
215.0	1.515077e-16
216.0	1.509117e-16
217.0	1.503201e-16
218.0	1.497330e-16
219.0	1.491501e-16
220.0	1.485716e-16
221.0	1.479972e-16
222.0	1.474272e-16
223.0	1.468612e-16
224.0	1.462994e-16
225.0	1.457416e-16
226.0	1.451879e-16
227.0	1.446382e-16
228.0	1.440924e-16
229.0	1.435505e-16
230.0	1.430125e-16
231.0	1.424783e-16
232.0	1.419479e-16
233.0	1.414213e-16
234.0	1.408983e-16
235.0	1.403790e-16
236.0	1.398634e-16
237.0	1.393513e-16
238.0	1.388428e-16
239.0	1.383379e-16
240.0	1.378364e-16
241.0	1.373384e-16
242.0	1.368438e-16
243.0	1.363525e-16
244.0	1.358646e-16
245.0	1.353801e-16
246.0	1.348988e-16
247.0	1.344208e-16
248.0	1.339460e-16
249.0	1.334744e-16
250.0	1.330059e-16
251.0	1.325405e-16
252.0	1.320782e-16
253.0	1.316189e-16
254.0	1.311627e-16
255.0	1.307096e-16
256.0	1.302594e-16
257.0	1.298122e-16
258.0	1.293681e-16
259.0	1.289268e-16
260.0	1.284884e-16
261.0	1.280527e-16
262.0	1.276197e-16
263.0	1.271894e-16
264.0	1.267621e-16
265.0	1.263374e-16
266.0	1.259156e-16
267.0	1.254964e-16
268.0	1.250799e-16
269.0	1.246660e-16
270.0	1.242547e-16
271.0	1.238460e-16
272.0	1.234399e-16
273.0	1.230362e-16
274.0	1.226351e-16
275.0	1.222365e-16
276.0	1.218404e-16
277.0	1.214466e-16
278.0	1.210553e-16
279.0	1.206664e-16
280.0	1.202798e-16
281.0	1.198957e-16
282.0	1.195139e-16
283.0	1.191344e-16
284.0	1.187574e-16
285.0	1.183824e-16
286.0	1.180097e-16
287.0	1.176393e-16
288.0	1.172711e-16
289.0	1.169051e-16
290.0	1.165412e-16
291.0	1.161794e-16
292.0	1.158199e-16
293.0	1.154625e-16
294.0	1.151072e-16
295.0	1.147541e-16
296.0	1.144030e-16
297.0	1.140541e-16
298.0	1.137070e-16
299.0	1.133619e-16
300.0	1.130187e-16
