Excitation energy (eV): 7.75
Energy (eV)	Rate coefficient (m^3/s)
0.0	0.000000e+00
1.0	4.144741e-20
2.0	1.678355e-17
3.0	1.260066e-16
4.0	3.404388e-16
5.0	6.076624e-16
6.0	8.808794e-16
7.0	1.134298e-15
8.0	1.357413e-15
9.0	1.548118e-15
10.0	1.708256e-15
11.0	1.841212e-15
12.0	1.950723e-15
13.0	2.040333e-15
14.0	2.113190e-15
15.0	2.171993e-15
16.0	2.219016e-15
17.0	2.256155e-15
18.0	2.284984e-15
19.0	2.306807e-15
20.0	2.322708e-15
21.0	2.333587e-15
22.0	2.340197e-15
23.0	2.343166e-15
24.0	2.343024e-15
25.0	2.340217e-15
26.0	2.335124e-15
27.0	2.328068e-15
28.0	2.319325e-15
29.0	2.309131e-15
30.0	2.297690e-15
31.0	2.285178e-15
32.0	2.271749e-15
33.0	2.257536e-15
34.0	2.242654e-15
35.0	2.227206e-15
36.0	2.211280e-15
37.0	2.194955e-15
38.0	2.178300e-15
39.0	2.161375e-15
40.0	2.144234e-15
41.0	2.126925e-15
42.0	2.109489e-15
43.0	2.091964e-15
44.0	2.074383e-15
45.0	2.056775e-15
46.0	2.039166e-15
47.0	2.021578e-15
48.0	2.004033e-15
49.0	1.986548e-15
50.0	1.969138e-15
51.0	1.951819e-15
52.0	1.934602e-15
53.0	1.917498e-15
54.0	1.900516e-15
55.0	1.883666e-15
56.0	1.866954e-15
57.0	1.850386e-15
58.0	1.833968e-15
59.0	1.817705e-15
60.0	1.801600e-15
61.0	1.785657e-15
62.0	1.769878e-15
63.0	1.754266e-15
64.0	1.738822e-15
65.0	1.723548e-15
66.0	1.708444e-15
67.0	1.693511e-15
68.0	1.678750e-15
69.0	1.664161e-15
70.0	1.649742e-15
71.0	1.635495e-15
72.0	1.621417e-15
73.0	1.607510e-15
74.0	1.593770e-15
75.0	1.580198e-15
76.0	1.566792e-15
77.0	1.553551e-15
78.0	1.540474e-15
79.0	1.527558e-15
80.0	1.514803e-15
81.0	1.502207e-15
82.0	1.489767e-15
83.0	1.477483e-15
84.0	1.465353e-15
85.0	1.453374e-15
86.0	1.441545e-15
87.0	1.429864e-15
88.0	1.418329e-15
89.0	1.406939e-15
90.0	1.395691e-15
91.0	1.384584e-15
92.0	1.373615e-15
93.0	1.362783e-15
94.0	1.352086e-15
95.0	1.341522e-15
96.0	1.331089e-15
97.0	1.320785e-15
98.0	1.310608e-15
99.0	1.300558e-15
100.0	1.290630e-15
101.0	1.280825e-15
102.0	1.271140e-15
103.0	1.261573e-15
104.0	1.252123e-15
105.0	1.242788e-15
106.0	1.233565e-15
107.0	1.224455e-15
108.0	1.215454e-15
109.0	1.206561e-15
110.0	1.197775e-15
111.0	1.189094e-15
112.0	1.180516e-15
113.0	1.172039e-15
114.0	1.163664e-15
115.0	1.155386e-15
116.0	1.147206e-15
117.0	1.139122e-15
118.0	1.131133e-15
119.0	1.123236e-15
120.0	1.115430e-15
121.0	1.107715e-15
122.0	1.100089e-15
123.0	1.092550e-15
124.0	1.085097e-15
125.0	1.077729e-15
126.0	1.070444e-15
127.0	1.063242e-15
128.0	1.056121e-15
129.0	1.049080e-15
130.0	1.042118e-15
131.0	1.035233e-15
132.0	1.028424e-15
133.0	1.021691e-15
134.0	1.015032e-15
135.0	1.008445e-15
136.0	1.001931e-15
137.0	9.954880e-16
138.0	9.891146e-16
139.0	9.828100e-16
140.0	9.765733e-16
141.0	9.704035e-16
142.0	9.642996e-16
143.0	9.582606e-16
144.0	9.522856e-16
145.0	9.463737e-16
146.0	9.405239e-16
147.0	9.347355e-16
148.0	9.290075e-16
149.0	9.233390e-16
150.0	9.177293e-16
151.0	9.121774e-16
152.0	9.066827e-16
153.0	9.012442e-16
154.0	8.958611e-16
155.0	8.905328e-16
156.0	8.852584e-16
157.0	8.800372e-16
158.0	8.748685e-16
159.0	8.697515e-16
160.0	8.646855e-16
161.0	8.596698e-16
162.0	8.547038e-16
163.0	8.497867e-16
164.0	8.449179e-16
165.0	8.400968e-16
166.0	8.353226e-16
167.0	8.305948e-16
168.0	8.259128e-16
169.0	8.212758e-16
170.0	8.166834e-16
171.0	8.121350e-16
172.0	8.076298e-16
173.0	8.031675e-16
174.0	7.987473e-16
175.0	7.943689e-16
176.0	7.900315e-16
177.0	7.857347e-16
178.0	7.814780e-16
179.0	7.772608e-16
180.0	7.730826e-16
181.0	7.689429e-16
182.0	7.648413e-16
183.0	7.607772e-16
184.0	7.567502e-16
185.0	7.527597e-16
186.0	7.488054e-16
187.0	7.448867e-16
188.0	7.410033e-16
189.0	7.371547e-16
190.0	7.333403e-16
191.0	7.295599e-16
192.0	7.258130e-16
193.0	7.220992e-16
194.0	7.184181e-16
195.0	7.147692e-16
196.0	7.111522e-16
197.0	7.075667e-16
198.0	7.040122e-16
199.0	7.004885e-16
200.0	6.969952e-16
201.0	6.935318e-16
202.0	6.900981e-16
203.0	6.866936e-16
204.0	6.833181e-16
205.0	6.799711e-16
206.0	6.766523e-16
207.0	6.733615e-16
208.0	6.700982e-16
209.0	6.668622e-16
210.0	6.636531e-16
211.0	6.604706e-16
212.0	6.573145e-16
213.0	6.541843e-16
214.0	6.510798e-16
215.0	6.480007e-16
216.0	6.449467e-16
217.0	6.419176e-16
218.0	6.389129e-16
219.0	6.359326e-16
220.0	6.329762e-16
221.0	6.300435e-16
222.0	6.271343e-16
223.0	6.242482e-16
224.0	6.213851e-16
225.0	6.185446e-16
226.0	6.157266e-16
227.0	6.129307e-16
228.0	6.101567e-16
229.0	6.074044e-16
230.0	6.046735e-16
231.0	6.019638e-16
232.0	5.992751e-16
233.0	5.966071e-16
234.0	5.939596e-16
235.0	5.913324e-16
236.0	5.887253e-16
237.0	5.861381e-16
238.0	5.835705e-16
239.0	5.810223e-16
240.0	5.784933e-16
241.0	5.759834e-16
242.0	5.734922e-16
243.0	5.710197e-16
244.0	5.685656e-16
245.0	5.661297e-16
246.0	5.637119e-16
247.0	5.613119e-16
248.0	5.589296e-16
249.0	5.565647e-16
250.0	5.542172e-16
251.0	5.518868e-16
252.0	5.495733e-16
253.0	5.472765e-16
254.0	5.449962e-16
255.0	5.427324e-16
256.0	5.404849e-16
257.0	5.382535e-16
258.0	5.360379e-16
259.0	5.338382e-16
260.0	5.316542e-16
261.0	5.294855e-16
262.0	5.273321e-16
263.0	5.251937e-16
264.0	5.230706e-16
265.0	5.209622e-16
266.0	5.188685e-16
267.0	5.167894e-16
268.0	5.147246e-16
269.0	5.126742e-16
270.0	5.106378e-16
271.0	5.086155e-16
272.0	5.066070e-16
273.0	5.046122e-16
274.0	5.026311e-16
275.0	5.006634e-16
276.0	4.987090e-16
277.0	4.967677e-16
278.0	4.948395e-16
279.0	4.929245e-16
280.0	4.910222e-16
281.0	4.891325e-16
282.0	4.872555e-16
283.0	4.853908e-16
284.0	4.835386e-16
285.0	4.816986e-16
286.0	4.798707e-16
287.0	4.780548e-16
288.0	4.762508e-16
289.0	4.744586e-16
290.0	4.726781e-16
291.0	4.709091e-16
292.0	4.691516e-16
293.0	4.674053e-16
294.0	4.656703e-16
295.0	4.639466e-16
296.0	4.622340e-16
297.0	4.605322e-16
298.0	4.588412e-16
299.0	4.571610e-16
300.0	4.554914e-16
