Excitation energy (eV): 10.27
Energy (eV)	Rate coefficient (m^3/s)
0.0	0.000000e+00
1.0	4.465472e-23
2.0	2.219156e-19
3.0	4.279149e-18
4.0	1.880031e-17
5.0	4.511276e-17
6.0	7.982928e-17
7.0	1.187018e-16
8.0	1.583985e-16
9.0	1.967737e-16
10.0	2.326288e-16
11.0	2.654069e-16
12.0	2.949484e-16
13.0	3.213241e-16
14.0	3.447271e-16
15.0	3.654074e-16
16.0	3.836330e-16
17.0	3.996677e-16
18.0	4.137599e-16
19.0	4.261370e-16
20.0	4.370033e-16
21.0	4.465408e-16
22.0	4.549101e-16
23.0	4.622525e-16
24.0	4.686916e-16
25.0	4.743357e-16
26.0	4.792795e-16
27.0	4.836057e-16
28.0	4.873867e-16
29.0	4.906858e-16
30.0	4.935585e-16
31.0	4.960534e-16
32.0	4.982133e-16
33.0	5.000758e-16
34.0	5.016739e-16
35.0	5.030368e-16
36.0	5.041903e-16
37.0	5.051572e-16
38.0	5.059577e-16
39.0	5.066098e-16
40.0	5.071292e-16
41.0	5.075302e-16
42.0	5.078254e-16
43.0	5.080259e-16
44.0	5.081420e-16
45.0	5.081824e-16
46.0	5.081553e-16
47.0	5.080679e-16
48.0	5.079265e-16
49.0	5.077370e-16
50.0	5.075046e-16
51.0	5.072339e-16
52.0	5.069293e-16
53.0	5.065943e-16
54.0	5.062326e-16
55.0	5.058471e-16
56.0	5.054407e-16
57.0	5.050159e-16
58.0	5.045749e-16
59.0	5.041197e-16
60.0	5.036523e-16
61.0	5.031743e-16
62.0	5.026873e-16
63.0	5.021926e-16
64.0	5.016914e-16
65.0	5.011849e-16
66.0	5.006741e-16
67.0	5.001599e-16
68.0	4.996432e-16
69.0	4.991247e-16
70.0	4.986050e-16
71.0	4.980849e-16
72.0	4.975648e-16
73.0	4.970453e-16
74.0	4.965268e-16
75.0	4.960097e-16
76.0	4.954944e-16
77.0	4.949813e-16
78.0	4.944705e-16
79.0	4.939624e-16
80.0	4.934572e-16
81.0	4.929552e-16
82.0	4.924564e-16
83.0	4.919612e-16
84.0	4.914695e-16
85.0	4.909816e-16
86.0	4.904976e-16
87.0	4.900175e-16
88.0	4.895414e-16
89.0	4.890695e-16
90.0	4.886017e-16
91.0	4.881382e-16
92.0	4.876789e-16
93.0	4.872239e-16
94.0	4.867732e-16
95.0	4.863269e-16
96.0	4.858849e-16
97.0	4.854472e-16
98.0	4.850139e-16
99.0	4.845850e-16
100.0	4.841603e-16
101.0	4.837400e-16
102.0	4.833240e-16
103.0	4.829122e-16
104.0	4.825047e-16
105.0	4.821015e-16
106.0	4.817024e-16
107.0	4.813075e-16
108.0	4.809167e-16
109.0	4.805301e-16
110.0	4.801475e-16
111.0	4.797689e-16
112.0	4.793943e-16
113.0	4.790237e-16
114.0	4.786570e-16
115.0	4.782942e-16
116.0	4.779351e-16
117.0	4.775799e-16
118.0	4.772284e-16
119.0	4.768807e-16
120.0	4.765366e-16
121.0	4.761961e-16
122.0	4.758591e-16
123.0	4.755258e-16
124.0	4.751959e-16
125.0	4.748694e-16
126.0	4.745464e-16
127.0	4.742267e-16
128.0	4.739103e-16
129.0	4.735972e-16
130.0	4.732874e-16
131.0	4.729807e-16
132.0	4.726772e-16
133.0	4.723768e-16
134.0	4.720794e-16
135.0	4.717851e-16
136.0	4.714938e-16
137.0	4.712054e-16
138.0	4.709200e-16
139.0	4.706374e-16
140.0	4.703576e-16
141.0	4.700807e-16
142.0	4.698065e-16
143.0	4.695350e-16
144.0	4.692662e-16
145.0	4.690001e-16
146.0	4.687366e-16
147.0	4.684756e-16
148.0	4.682172e-16
149.0	4.679613e-16
150.0	4.677079e-16
151.0	4.674569e-16
152.0	4.672083e-16
153.0	4.669621e-16
154.0	4.667183e-16
155.0	4.664767e-16
156.0	4.662375e-16
157.0	4.660005e-16
158.0	4.657657e-16
159.0	4.655331e-16
160.0	4.653027e-16
161.0	4.650744e-16
162.0	4.648482e-16
163.0	4.646241e-16
164.0	4.644021e-16
165.0	4.641820e-16
166.0	4.639640e-16
167.0	4.637479e-16
168.0	4.635338e-16
169.0	4.633216e-16
170.0	4.631113e-16
171.0	4.629029e-16
172.0	4.626963e-16
173.0	4.624915e-16
174.0	4.622886e-16
175.0	4.620874e-16
176.0	4.618879e-16
177.0	4.616902e-16
178.0	4.614942e-16
179.0	4.612999e-16
180.0	4.611072e-16
181.0	4.609162e-16
182.0	4.607268e-16
183.0	4.605390e-16
184.0	4.603527e-16
185.0	4.601681e-16
186.0	4.599850e-16
187.0	4.598034e-16
188.0	4.596233e-16
189.0	4.594447e-16
190.0	4.592675e-16
191.0	4.590918e-16
192.0	4.589175e-16
193.0	4.587447e-16
194.0	4.585732e-16
195.0	4.584031e-16
196.0	4.582344e-16
197.0	4.580670e-16
198.0	4.579009e-16
199.0	4.577362e-16
200.0	4.575727e-16
201.0	4.574106e-16
202.0	4.572497e-16
203.0	4.570900e-16
204.0	4.569316e-16
205.0	4.567744e-16
206.0	4.566184e-16
207.0	4.564636e-16
208.0	4.563099e-16
209.0	4.561575e-16
210.0	4.560061e-16
211.0	4.558560e-16
212.0	4.557069e-16
213.0	4.555590e-16
214.0	4.554121e-16
215.0	4.552663e-16
216.0	4.551216e-16
217.0	4.549780e-16
218.0	4.548354e-16
219.0	4.546939e-16
220.0	4.545533e-16
221.0	4.544138e-16
222.0	4.542753e-16
223.0	4.541378e-16
224.0	4.540012e-16
225.0	4.538657e-16
226.0	4.537310e-16
227.0	4.535974e-16
228.0	4.534646e-16
229.0	4.533328e-16
230.0	4.532019e-16
231.0	4.530719e-16
232.0	4.529428e-16
233.0	4.528146e-16
234.0	4.526873e-16
235.0	4.525608e-16
236.0	4.524352e-16
237.0	4.523104e-16
238.0	4.521865e-16
239.0	4.520634e-16
240.0	4.519412e-16
241.0	4.518197e-16
242.0	4.516990e-16
243.0	4.515792e-16
244.0	4.514601e-16
245.0	4.513418e-16
246.0	4.512243e-16
247.0	4.511075e-16
248.0	4.509915e-16
249.0	4.508763e-16
250.0	4.507618e-16
251.0	4.506478e-16
252.0	4.505346e-16
253.0	4.504222e-16
254.0	4.503105e-16
255.0	4.501996e-16
256.0	4.500894e-16
257.0	4.499799e-16
258.0	4.498712e-16
259.0	4.497631e-16
260.0	4.496556e-16
261.0	4.495487e-16
262.0	4.494423e-16
263.0	4.493366e-16
264.0	4.492317e-16
265.0	4.491274e-16
266.0	4.490238e-16
267.0	4.489209e-16
268.0	4.488186e-16
269.0	4.487167e-16
270.0	4.486155e-16
271.0	4.485150e-16
272.0	4.484151e-16
273.0	4.483155e-16
274.0	4.482167e-16
275.0	4.481184e-16
276.0	4.480207e-16
277.0	4.479236e-16
278.0	4.478270e-16
279.0	4.477309e-16
280.0	4.476354e-16
281.0	4.475405e-16
282.0	4.474462e-16
283.0	4.473525e-16
284.0	4.472594e-16
285.0	4.471667e-16
286.0	4.470744e-16
287.0	4.469826e-16
288.0	4.468914e-16
289.0	4.468005e-16
290.0	4.467101e-16
291.0	4.466203e-16
292.0	4.465310e-16
293.0	4.464422e-16
294.0	4.463540e-16
295.0	4.462663e-16
296.0	4.461792e-16
297.0	4.460926e-16
298.0	4.460064e-16
299.0	4.459204e-16
300.0	4.458349e-16
