Ionization energy (eV): 44.1354
Energy (eV)	Rate coefficient (m^3/s)
0.0	0.000000e+00
1.0	2.349059e-45
2.0	1.455996e-30
3.0	1.537708e-25
4.0	5.488889e-23
5.0	1.963430e-21
6.0	2.197740e-20
7.0	1.258563e-19
8.0	4.723115e-19
9.0	1.334077e-18
10.0	3.083613e-18
11.0	6.153626e-18
12.0	1.099012e-17
13.0	1.801124e-17
14.0	2.757810e-17
15.0	3.997820e-17
16.0	5.541954e-17
17.0	7.403234e-17
18.0	9.587560e-17
19.0	1.209464e-16
20.0	1.491898e-16
21.0	1.805095e-16
22.0	2.147768e-16
23.0	2.518391e-16
24.0	2.915273e-16
25.0	3.336615e-16
26.0	3.780565e-16
27.0	4.245252e-16
28.0	4.728821e-16
29.0	5.229456e-16
30.0	5.745398e-16
31.0	6.274960e-16
32.0	6.816531e-16
33.0	7.368587e-16
34.0	7.929690e-16
35.0	8.498492e-16
36.0	9.073734e-16
37.0	9.654243e-16
38.0	1.023893e-15
39.0	1.082678e-15
40.0	1.141688e-15
41.0	1.200836e-15
42.0	1.260043e-15
43.0	1.319238e-15
44.0	1.378354e-15
45.0	1.437331e-15
46.0	1.496115e-15
47.0	1.554655e-15
48.0	1.612907e-15
49.0	1.670829e-15
50.0	1.728386e-15
51.0	1.785543e-15
52.0	1.842272e-15
53.0	1.898545e-15
54.0	1.954340e-15
55.0	2.009636e-15
56.0	2.064413e-15
57.0	2.118658e-15
58.0	2.172354e-15
59.0	2.225491e-15
60.0	2.278058e-15
61.0	2.330047e-15
62.0	2.381450e-15
63.0	2.432263e-15
64.0	2.482479e-15
65.0	2.532097e-15
66.0	2.581113e-15
67.0	2.629527e-15
68.0	2.677338e-15
69.0	2.724546e-15
70.0	2.771152e-15
71.0	2.817158e-15
72.0	2.862567e-15
73.0	2.907380e-15
74.0	2.951602e-15
75.0	2.995235e-15
76.0	3.038285e-15
77.0	3.080755e-15
78.0	3.122650e-15
79.0	3.163976e-15
80.0	3.204737e-15
81.0	3.244939e-15
82.0	3.284587e-15
83.0	3.323688e-15
84.0	3.362247e-15
85.0	3.400270e-15
86.0	3.437764e-15
87.0	3.474735e-15
88.0	3.511189e-15
89.0	3.547133e-15
90.0	3.582572e-15
91.0	3.617515e-15
92.0	3.651966e-15
93.0	3.685932e-15
94.0	3.719420e-15
95.0	3.752437e-15
96.0	3.784988e-15
97.0	3.817081e-15
98.0	3.848721e-15
99.0	3.879915e-15
100.0	3.910670e-15
101.0	3.940991e-15
102.0	3.970885e-15
103.0	4.000357e-15
104.0	4.029415e-15
105.0	4.058064e-15
106.0	4.086311e-15
107.0	4.114160e-15
108.0	4.141618e-15
109.0	4.168691e-15
110.0	4.195384e-15
111.0	4.221704e-15
112.0	4.247655e-15
113.0	4.273244e-15
114.0	4.298475e-15
115.0	4.323354e-15
116.0	4.347887e-15
117.0	4.372078e-15
118.0	4.395933e-15
119.0	4.419457e-15
120.0	4.442654e-15
121.0	4.465531e-15
122.0	4.488091e-15
123.0	4.510339e-15
124.0	4.532280e-15
125.0	4.553920e-15
126.0	4.575261e-15
127.0	4.596309e-15
128.0	4.617069e-15
129.0	4.637544e-15
130.0	4.657739e-15
131.0	4.677658e-15
132.0	4.697305e-15
133.0	4.716685e-15
134.0	4.735801e-15
135.0	4.754658e-15
136.0	4.773258e-15
137.0	4.791607e-15
138.0	4.809708e-15
139.0	4.827564e-15
140.0	4.845179e-15
141.0	4.862557e-15
142.0	4.879702e-15
143.0	4.896616e-15
144.0	4.913303e-15
145.0	4.929767e-15
146.0	4.946011e-15
147.0	4.962038e-15
148.0	4.977851e-15
149.0	4.993453e-15
150.0	5.008848e-15
151.0	5.024039e-15
152.0	5.039028e-15
153.0	5.053818e-15
154.0	5.068413e-15
155.0	5.082815e-15
156.0	5.097027e-15
157.0	5.111052e-15
158.0	5.124892e-15
159.0	5.138550e-15
160.0	5.152029e-15
161.0	5.165332e-15
162.0	5.178460e-15
163.0	5.191416e-15
164.0	5.204203e-15
165.0	5.216824e-15
166.0	5.229279e-15
167.0	5.241573e-15
168.0	5.253706e-15
169.0	5.265682e-15
170.0	5.277503e-15
171.0	5.289170e-15
172.0	5.300687e-15
173.0	5.312054e-15
174.0	5.323274e-15
175.0	5.334350e-15
176.0	5.345282e-15
177.0	5.356074e-15
178.0	5.366727e-15
179.0	5.377242e-15
180.0	5.387623e-15
181.0	5.397870e-15
182.0	5.407986e-15
183.0	5.417972e-15
184.0	5.427830e-15
185.0	5.437561e-15
186.0	5.447169e-15
187.0	5.456653e-15
188.0	5.466016e-15
189.0	5.475260e-15
190.0	5.484386e-15
191.0	5.493395e-15
192.0	5.502290e-15
193.0	5.511071e-15
194.0	5.519741e-15
195.0	5.528300e-15
196.0	5.536750e-15
197.0	5.545093e-15
198.0	5.553330e-15
199.0	5.561462e-15
200.0	5.569491e-15
201.0	5.577418e-15
202.0	5.585245e-15
203.0	5.592972e-15
204.0	5.600601e-15
205.0	5.608134e-15
206.0	5.615571e-15
207.0	5.622913e-15
208.0	5.630163e-15
209.0	5.637321e-15
210.0	5.644388e-15
211.0	5.651366e-15
212.0	5.658255e-15
213.0	5.665057e-15
214.0	5.671773e-15
215.0	5.678403e-15
216.0	5.684950e-15
217.0	5.691414e-15
218.0	5.697796e-15
219.0	5.704096e-15
220.0	5.710317e-15
221.0	5.716460e-15
222.0	5.722524e-15
223.0	5.728511e-15
224.0	5.734422e-15
225.0	5.740259e-15
226.0	5.746021e-15
227.0	5.751709e-15
228.0	5.757326e-15
229.0	5.762871e-15
230.0	5.768345e-15
231.0	5.773750e-15
232.0	5.779086e-15
233.0	5.784354e-15
234.0	5.789554e-15
235.0	5.794689e-15
236.0	5.799757e-15
237.0	5.804761e-15
238.0	5.809701e-15
239.0	5.814577e-15
240.0	5.819391e-15
241.0	5.824143e-15
242.0	5.828834e-15
243.0	5.833465e-15
244.0	5.838036e-15
245.0	5.842548e-15
246.0	5.847002e-15
247.0	5.851398e-15
248.0	5.855738e-15
249.0	5.860021e-15
250.0	5.864249e-15
251.0	5.868422e-15
252.0	5.872541e-15
253.0	5.876606e-15
254.0	5.880617e-15
255.0	5.884577e-15
256.0	5.888485e-15
257.0	5.892342e-15
258.0	5.896147e-15
259.0	5.899903e-15
260.0	5.903610e-15
261.0	5.907267e-15
262.0	5.910877e-15
263.0	5.914438e-15
264.0	5.917952e-15
265.0	5.921420e-15
266.0	5.924841e-15
267.0	5.928216e-15
268.0	5.931547e-15
269.0	5.934832e-15
270.0	5.938074e-15
271.0	5.941272e-15
272.0	5.944427e-15
273.0	5.947539e-15
274.0	5.950609e-15
275.0	5.953637e-15
276.0	5.956624e-15
277.0	5.959570e-15
278.0	5.962475e-15
279.0	5.965341e-15
280.0	5.968167e-15
281.0	5.970954e-15
282.0	5.973702e-15
283.0	5.976413e-15
284.0	5.979085e-15
285.0	5.981720e-15
286.0	5.984318e-15
287.0	5.986879e-15
288.0	5.989405e-15
289.0	5.991894e-15
290.0	5.994348e-15
291.0	5.996767e-15
292.0	5.999152e-15
293.0	6.001502e-15
294.0	6.003818e-15
295.0	6.006100e-15
296.0	6.008350e-15
297.0	6.010566e-15
298.0	6.012750e-15
299.0	6.014902e-15
300.0	6.017022e-15
