Ionization energy (eV): 14.534
Energy (eV)	Rate coefficient (m^3/s)
0.0	0.000000e+00
1.0	8.345159e-25
2.0	8.304163e-20
3.0	4.579432e-18
4.0	3.680979e-17
5.0	1.344780e-16
6.0	3.283975e-16
7.0	6.340024e-16
8.0	1.053609e-15
9.0	1.581189e-15
10.0	2.206325e-15
11.0	2.916843e-15
12.0	3.700352e-15
13.0	4.545085e-15
14.0	5.440297e-15
15.0	6.376411e-15
16.0	7.345028e-15
17.0	8.338854e-15
18.0	9.351607e-15
19.0	1.037790e-14
20.0	1.141315e-14
21.0	1.245344e-14
22.0	1.349545e-14
23.0	1.453640e-14
24.0	1.557390e-14
25.0	1.660599e-14
26.0	1.763100e-14
27.0	1.864754e-14
28.0	1.965447e-14
29.0	2.065084e-14
30.0	2.163588e-14
31.0	2.260896e-14
32.0	2.356960e-14
33.0	2.451741e-14
34.0	2.545208e-14
35.0	2.637342e-14
36.0	2.728128e-14
37.0	2.817557e-14
38.0	2.905625e-14
39.0	2.992332e-14
40.0	3.077684e-14
41.0	3.161687e-14
42.0	3.244351e-14
43.0	3.325687e-14
44.0	3.405711e-14
45.0	3.484436e-14
46.0	3.561879e-14
47.0	3.638058e-14
48.0	3.712990e-14
49.0	3.786696e-14
50.0	3.859194e-14
51.0	3.930504e-14
52.0	4.000645e-14
53.0	4.069639e-14
54.0	4.137506e-14
55.0	4.204265e-14
56.0	4.269936e-14
57.0	4.334541e-14
58.0	4.398099e-14
59.0	4.460629e-14
60.0	4.522151e-14
61.0	4.582685e-14
62.0	4.642250e-14
63.0	4.700863e-14
64.0	4.758545e-14
65.0	4.815312e-14
66.0	4.871183e-14
67.0	4.926176e-14
68.0	4.980307e-14
69.0	5.033593e-14
70.0	5.086051e-14
71.0	5.137698e-14
72.0	5.188548e-14
73.0	5.238618e-14
74.0	5.287923e-14
75.0	5.336477e-14
76.0	5.384296e-14
77.0	5.431393e-14
78.0	5.477783e-14
79.0	5.523479e-14
80.0	5.568494e-14
81.0	5.612842e-14
82.0	5.656535e-14
83.0	5.699586e-14
84.0	5.742007e-14
85.0	5.783810e-14
86.0	5.825006e-14
87.0	5.865607e-14
88.0	5.905625e-14
89.0	5.945069e-14
90.0	5.983950e-14
91.0	6.022280e-14
92.0	6.060067e-14
93.0	6.097323e-14
94.0	6.134057e-14
95.0	6.170277e-14
96.0	6.205994e-14
97.0	6.241217e-14
98.0	6.275954e-14
99.0	6.310214e-14
100.0	6.344006e-14
101.0	6.377338e-14
102.0	6.410217e-14
103.0	6.442653e-14
104.0	6.474652e-14
105.0	6.506223e-14
106.0	6.537372e-14
107.0	6.568107e-14
108.0	6.598435e-14
109.0	6.628363e-14
110.0	6.657897e-14
111.0	6.687045e-14
112.0	6.715813e-14
113.0	6.744208e-14
114.0	6.772235e-14
115.0	6.799900e-14
116.0	6.827210e-14
117.0	6.854171e-14
118.0	6.880787e-14
119.0	6.907066e-14
120.0	6.933011e-14
121.0	6.958630e-14
122.0	6.983926e-14
123.0	7.008906e-14
124.0	7.033573e-14
125.0	7.057934e-14
126.0	7.081992e-14
127.0	7.105754e-14
128.0	7.129222e-14
129.0	7.152403e-14
130.0	7.175300e-14
131.0	7.197918e-14
132.0	7.220261e-14
133.0	7.242333e-14
134.0	7.264139e-14
135.0	7.285682e-14
136.0	7.306966e-14
137.0	7.327996e-14
138.0	7.348775e-14
139.0	7.369308e-14
140.0	7.389596e-14
141.0	7.409645e-14
142.0	7.429458e-14
143.0	7.449038e-14
144.0	7.468388e-14
145.0	7.487513e-14
146.0	7.506414e-14
147.0	7.525097e-14
148.0	7.543563e-14
149.0	7.561815e-14
150.0	7.579858e-14
151.0	7.597693e-14
152.0	7.615324e-14
153.0	7.632753e-14
154.0	7.649984e-14
155.0	7.667020e-14
156.0	7.683862e-14
157.0	7.700513e-14
158.0	7.716978e-14
159.0	7.733256e-14
160.0	7.749353e-14
161.0	7.765269e-14
162.0	7.781007e-14
163.0	7.796571e-14
164.0	7.811961e-14
165.0	7.827181e-14
166.0	7.842233e-14
167.0	7.857118e-14
168.0	7.871840e-14
169.0	7.886400e-14
170.0	7.900801e-14
171.0	7.915044e-14
172.0	7.929133e-14
173.0	7.943067e-14
174.0	7.956851e-14
175.0	7.970485e-14
176.0	7.983972e-14
177.0	7.997313e-14
178.0	8.010511e-14
179.0	8.023567e-14
180.0	8.036483e-14
181.0	8.049261e-14
182.0	8.061903e-14
183.0	8.074409e-14
184.0	8.086783e-14
185.0	8.099025e-14
186.0	8.111138e-14
187.0	8.123123e-14
188.0	8.134981e-14
189.0	8.146714e-14
190.0	8.158324e-14
191.0	8.169812e-14
192.0	8.181180e-14
193.0	8.192428e-14
194.0	8.203559e-14
195.0	8.214575e-14
196.0	8.225475e-14
197.0	8.236263e-14
198.0	8.246938e-14
199.0	8.257503e-14
200.0	8.267959e-14
201.0	8.278306e-14
202.0	8.288547e-14
203.0	8.298683e-14
204.0	8.308715e-14
205.0	8.318643e-14
206.0	8.328470e-14
207.0	8.338197e-14
208.0	8.347824e-14
209.0	8.357352e-14
210.0	8.366784e-14
211.0	8.376120e-14
212.0	8.385361e-14
213.0	8.394508e-14
214.0	8.403563e-14
215.0	8.412526e-14
216.0	8.421398e-14
217.0	8.430181e-14
218.0	8.438875e-14
219.0	8.447482e-14
220.0	8.456002e-14
221.0	8.464436e-14
222.0	8.472786e-14
223.0	8.481052e-14
224.0	8.489235e-14
225.0	8.497337e-14
226.0	8.505358e-14
227.0	8.513298e-14
228.0	8.521160e-14
229.0	8.528943e-14
230.0	8.536648e-14
231.0	8.544277e-14
232.0	8.551830e-14
233.0	8.559308e-14
234.0	8.566712e-14
235.0	8.574043e-14
236.0	8.581301e-14
237.0	8.588488e-14
238.0	8.595603e-14
239.0	8.602647e-14
240.0	8.609623e-14
241.0	8.616530e-14
242.0	8.623368e-14
243.0	8.630140e-14
244.0	8.636844e-14
245.0	8.643483e-14
246.0	8.650056e-14
247.0	8.656564e-14
248.0	8.663009e-14
249.0	8.669392e-14
250.0	8.675712e-14
251.0	8.681968e-14
252.0	8.688163e-14
253.0	8.694298e-14
254.0	8.700373e-14
255.0	8.706389e-14
256.0	8.712346e-14
257.0	8.718245e-14
258.0	8.724086e-14
259.0	8.729870e-14
260.0	8.735597e-14
261.0	8.741268e-14
262.0	8.746884e-14
263.0	8.752445e-14
264.0	8.757953e-14
265.0	8.763406e-14
266.0	8.768806e-14
267.0	8.774153e-14
268.0	8.779448e-14
269.0	8.784692e-14
270.0	8.789884e-14
271.0	8.795026e-14
272.0	8.800118e-14
273.0	8.805161e-14
274.0	8.810153e-14
275.0	8.815098e-14
276.0	8.819993e-14
277.0	8.824842e-14
278.0	8.829643e-14
279.0	8.834397e-14
280.0	8.839105e-14
281.0	8.843767e-14
282.0	8.848384e-14
283.0	8.852955e-14
284.0	8.857481e-14
285.0	8.861964e-14
286.0	8.866403e-14
287.0	8.870798e-14
288.0	8.875151e-14
289.0	8.879460e-14
290.0	8.883728e-14
291.0	8.887954e-14
292.0	8.892139e-14
293.0	8.896282e-14
294.0	8.900385e-14
295.0	8.904448e-14
296.0	8.908471e-14
297.0	8.912454e-14
298.0	8.916399e-14
299.0	8.920304e-14
300.0	8.924171e-14
