Ionization energy (eV): 44.1354
Energy (eV)	Rate coefficient (m^3/s)
0.0	0.000000e+00
1.0	1.806968e-45
2.0	1.119997e-30
3.0	1.182852e-25
4.0	4.222222e-23
5.0	1.510331e-21
6.0	1.690569e-20
7.0	9.681254e-20
8.0	3.633165e-19
9.0	1.026213e-18
10.0	2.372010e-18
11.0	4.733559e-18
12.0	8.453937e-18
13.0	1.385480e-17
14.0	2.121392e-17
15.0	3.075246e-17
16.0	4.263042e-17
17.0	5.694795e-17
18.0	7.375046e-17
19.0	9.303565e-17
20.0	1.147614e-16
21.0	1.388535e-16
22.0	1.652129e-16
23.0	1.937224e-16
24.0	2.242518e-16
25.0	2.566627e-16
26.0	2.908127e-16
27.0	3.265578e-16
28.0	3.637554e-16
29.0	4.022658e-16
30.0	4.419537e-16
31.0	4.826892e-16
32.0	5.243485e-16
33.0	5.668144e-16
34.0	6.099761e-16
35.0	6.537302e-16
36.0	6.979796e-16
37.0	7.426341e-16
38.0	7.876099e-16
39.0	8.328295e-16
40.0	8.782214e-16
41.0	9.237197e-16
42.0	9.692637e-16
43.0	1.014798e-15
44.0	1.060272e-15
45.0	1.105639e-15
46.0	1.150857e-15
47.0	1.195888e-15
48.0	1.240697e-15
49.0	1.285253e-15
50.0	1.329527e-15
51.0	1.373495e-15
52.0	1.417132e-15
53.0	1.460419e-15
54.0	1.503339e-15
55.0	1.545874e-15
56.0	1.588010e-15
57.0	1.629737e-15
58.0	1.671042e-15
59.0	1.711916e-15
60.0	1.752352e-15
61.0	1.792344e-15
62.0	1.831885e-15
63.0	1.870971e-15
64.0	1.909599e-15
65.0	1.947767e-15
66.0	1.985472e-15
67.0	2.022713e-15
68.0	2.059491e-15
69.0	2.095804e-15
70.0	2.131655e-15
71.0	2.167045e-15
72.0	2.201974e-15
73.0	2.236446e-15
74.0	2.270463e-15
75.0	2.304027e-15
76.0	2.337142e-15
77.0	2.369812e-15
78.0	2.402039e-15
79.0	2.433828e-15
80.0	2.465182e-15
81.0	2.496107e-15
82.0	2.526605e-15
83.0	2.556683e-15
84.0	2.586344e-15
85.0	2.615592e-15
86.0	2.644434e-15
87.0	2.672873e-15
88.0	2.700915e-15
89.0	2.728564e-15
90.0	2.755825e-15
91.0	2.782703e-15
92.0	2.809204e-15
93.0	2.835332e-15
94.0	2.861092e-15
95.0	2.886490e-15
96.0	2.911529e-15
97.0	2.936216e-15
98.0	2.960555e-15
99.0	2.984550e-15
100.0	3.008207e-15
101.0	3.031531e-15
102.0	3.054527e-15
103.0	3.077198e-15
104.0	3.099550e-15
105.0	3.121588e-15
106.0	3.143316e-15
107.0	3.164738e-15
108.0	3.185860e-15
109.0	3.206685e-15
110.0	3.227219e-15
111.0	3.247465e-15
112.0	3.267427e-15
113.0	3.287111e-15
114.0	3.306519e-15
115.0	3.325657e-15
116.0	3.344528e-15
117.0	3.363137e-15
118.0	3.381487e-15
119.0	3.399582e-15
120.0	3.417427e-15
121.0	3.435024e-15
122.0	3.452377e-15
123.0	3.469492e-15
124.0	3.486370e-15
125.0	3.503015e-15
126.0	3.519432e-15
127.0	3.535623e-15
128.0	3.551591e-15
129.0	3.567341e-15
130.0	3.582876e-15
131.0	3.598198e-15
132.0	3.613312e-15
133.0	3.628219e-15
134.0	3.642924e-15
135.0	3.657429e-15
136.0	3.671737e-15
137.0	3.685852e-15
138.0	3.699775e-15
139.0	3.713511e-15
140.0	3.727061e-15
141.0	3.740429e-15
142.0	3.753617e-15
143.0	3.766628e-15
144.0	3.779464e-15
145.0	3.792128e-15
146.0	3.804624e-15
147.0	3.816952e-15
148.0	3.829116e-15
149.0	3.841118e-15
150.0	3.852960e-15
151.0	3.864645e-15
152.0	3.876175e-15
153.0	3.887552e-15
154.0	3.898779e-15
155.0	3.909858e-15
156.0	3.920790e-15
157.0	3.931578e-15
158.0	3.942225e-15
159.0	3.952731e-15
160.0	3.963100e-15
161.0	3.973332e-15
162.0	3.983431e-15
163.0	3.993397e-15
164.0	4.003233e-15
165.0	4.012941e-15
166.0	4.022522e-15
167.0	4.031979e-15
168.0	4.041313e-15
169.0	4.050525e-15
170.0	4.059618e-15
171.0	4.068593e-15
172.0	4.077451e-15
173.0	4.086195e-15
174.0	4.094826e-15
175.0	4.103346e-15
176.0	4.111756e-15
177.0	4.120057e-15
178.0	4.128251e-15
179.0	4.136340e-15
180.0	4.144325e-15
181.0	4.152208e-15
182.0	4.159989e-15
183.0	4.167671e-15
184.0	4.175254e-15
185.0	4.182740e-15
186.0	4.190130e-15
187.0	4.197426e-15
188.0	4.204628e-15
189.0	4.211739e-15
190.0	4.218758e-15
191.0	4.225689e-15
192.0	4.232531e-15
193.0	4.239286e-15
194.0	4.245954e-15
195.0	4.252538e-15
196.0	4.259039e-15
197.0	4.265456e-15
198.0	4.271792e-15
199.0	4.278048e-15
200.0	4.284224e-15
201.0	4.290322e-15
202.0	4.296342e-15
203.0	4.302286e-15
204.0	4.308155e-15
205.0	4.313949e-15
206.0	4.319670e-15
207.0	4.325318e-15
208.0	4.330895e-15
209.0	4.336401e-15
210.0	4.341837e-15
211.0	4.347204e-15
212.0	4.352504e-15
213.0	4.357736e-15
214.0	4.362902e-15
215.0	4.368003e-15
216.0	4.373038e-15
217.0	4.378011e-15
218.0	4.382920e-15
219.0	4.387766e-15
220.0	4.392552e-15
221.0	4.397277e-15
222.0	4.401941e-15
223.0	4.406547e-15
224.0	4.411094e-15
225.0	4.415583e-15
226.0	4.420016e-15
227.0	4.424392e-15
228.0	4.428712e-15
229.0	4.432978e-15
230.0	4.437189e-15
231.0	4.441346e-15
232.0	4.445451e-15
233.0	4.449503e-15
234.0	4.453503e-15
235.0	4.457453e-15
236.0	4.461352e-15
237.0	4.465201e-15
238.0	4.469001e-15
239.0	4.472752e-15
240.0	4.476455e-15
241.0	4.480110e-15
242.0	4.483719e-15
243.0	4.487281e-15
244.0	4.490797e-15
245.0	4.494268e-15
246.0	4.497694e-15
247.0	4.501076e-15
248.0	4.504414e-15
249.0	4.507709e-15
250.0	4.510961e-15
251.0	4.514171e-15
252.0	4.517339e-15
253.0	4.520466e-15
254.0	4.523552e-15
255.0	4.526598e-15
256.0	4.529604e-15
257.0	4.532570e-15
258.0	4.535498e-15
259.0	4.538387e-15
260.0	4.541238e-15
261.0	4.544052e-15
262.0	4.546828e-15
263.0	4.549568e-15
264.0	4.552271e-15
265.0	4.554938e-15
266.0	4.557570e-15
267.0	4.560166e-15
268.0	4.562728e-15
269.0	4.565256e-15
270.0	4.567749e-15
271.0	4.570209e-15
272.0	4.572636e-15
273.0	4.575030e-15
274.0	4.577391e-15
275.0	4.579721e-15
276.0	4.582018e-15
277.0	4.584284e-15
278.0	4.586519e-15
279.0	4.588724e-15
280.0	4.590898e-15
281.0	4.593041e-15
282.0	4.595156e-15
283.0	4.597240e-15
284.0	4.599296e-15
285.0	4.601323e-15
286.0	4.603322e-15
287.0	4.605292e-15
288.0	4.607234e-15
289.0	4.609149e-15
290.0	4.611037e-15
291.0	4.612898e-15
292.0	4.614732e-15
293.0	4.616540e-15
294.0	4.618321e-15
295.0	4.620077e-15
296.0	4.621808e-15
297.0	4.623513e-15
298.0	4.625193e-15
299.0	4.626848e-15
300.0	4.628479e-15
