Ionization energy (eV): 42.9
Energy (eV)	Rate coefficient (m^3/s)
0.0	0.000000e+00
1.0	5.870482e-42
2.0	3.854671e-28
3.0	1.444722e-23
4.0	2.702359e-21
5.0	6.116915e-20
6.0	4.836175e-19
7.0	2.101013e-18
8.0	6.287013e-18
9.0	1.468668e-17
10.0	2.886731e-17
11.0	5.006628e-17
12.0	7.908125e-17
13.0	1.162716e-16
14.0	1.616222e-16
15.0	2.148311e-16
16.0	2.753966e-16
17.0	3.426926e-16
18.0	4.160284e-16
19.0	4.946930e-16
20.0	5.779862e-16
21.0	6.652396e-16
22.0	7.558288e-16
23.0	8.491804e-16
24.0	9.447746e-16
25.0	1.042145e-15
26.0	1.140877e-15
27.0	1.240603e-15
28.0	1.341002e-15
29.0	1.441794e-15
30.0	1.542734e-15
31.0	1.643612e-15
32.0	1.744245e-15
33.0	1.844480e-15
34.0	1.944184e-15
35.0	2.043246e-15
36.0	2.141571e-15
37.0	2.239081e-15
38.0	2.335713e-15
39.0	2.431413e-15
40.0	2.526140e-15
41.0	2.619860e-15
42.0	2.712547e-15
43.0	2.804184e-15
44.0	2.894757e-15
45.0	2.984259e-15
46.0	3.072685e-15
47.0	3.160037e-15
48.0	3.246317e-15
49.0	3.331532e-15
50.0	3.415690e-15
51.0	3.498801e-15
52.0	3.580877e-15
53.0	3.661930e-15
54.0	3.741976e-15
55.0	3.821029e-15
56.0	3.899105e-15
57.0	3.976220e-15
58.0	4.052391e-15
59.0	4.127635e-15
60.0	4.201968e-15
61.0	4.275410e-15
62.0	4.347976e-15
63.0	4.419684e-15
64.0	4.490551e-15
65.0	4.560594e-15
66.0	4.629831e-15
67.0	4.698278e-15
68.0	4.765951e-15
69.0	4.832866e-15
70.0	4.899040e-15
71.0	4.964489e-15
72.0	5.029227e-15
73.0	5.093270e-15
74.0	5.156632e-15
75.0	5.219329e-15
76.0	5.281373e-15
77.0	5.342780e-15
78.0	5.403562e-15
79.0	5.463733e-15
80.0	5.523306e-15
81.0	5.582292e-15
82.0	5.640706e-15
83.0	5.698558e-15
84.0	5.755860e-15
85.0	5.812623e-15
86.0	5.868859e-15
87.0	5.924579e-15
88.0	5.979793e-15
89.0	6.034511e-15
90.0	6.088743e-15
91.0	6.142500e-15
92.0	6.195790e-15
93.0	6.248623e-15
94.0	6.301008e-15
95.0	6.352954e-15
96.0	6.404469e-15
97.0	6.455562e-15
98.0	6.506241e-15
99.0	6.556513e-15
100.0	6.606387e-15
101.0	6.655870e-15
102.0	6.704969e-15
103.0	6.753692e-15
104.0	6.802046e-15
105.0	6.850037e-15
106.0	6.897671e-15
107.0	6.944956e-15
108.0	6.991898e-15
109.0	7.038503e-15
110.0	7.084776e-15
111.0	7.130725e-15
112.0	7.176353e-15
113.0	7.221668e-15
114.0	7.266674e-15
115.0	7.311377e-15
116.0	7.355782e-15
117.0	7.399894e-15
118.0	7.443717e-15
119.0	7.487258e-15
120.0	7.530519e-15
121.0	7.573507e-15
122.0	7.616225e-15
123.0	7.658678e-15
124.0	7.700870e-15
125.0	7.742805e-15
126.0	7.784488e-15
127.0	7.825922e-15
128.0	7.867111e-15
129.0	7.908059e-15
130.0	7.948770e-15
131.0	7.989248e-15
132.0	8.029495e-15
133.0	8.069516e-15
134.0	8.109313e-15
135.0	8.148891e-15
136.0	8.188252e-15
137.0	8.227400e-15
138.0	8.266337e-15
139.0	8.305068e-15
140.0	8.343593e-15
141.0	8.381918e-15
142.0	8.420044e-15
143.0	8.457975e-15
144.0	8.495712e-15
145.0	8.533259e-15
146.0	8.570619e-15
147.0	8.607794e-15
148.0	8.644786e-15
149.0	8.681598e-15
150.0	8.718232e-15
151.0	8.754691e-15
152.0	8.790977e-15
153.0	8.827092e-15
154.0	8.863039e-15
155.0	8.898820e-15
156.0	8.934437e-15
157.0	8.969892e-15
158.0	9.005186e-15
159.0	9.040323e-15
160.0	9.075304e-15
161.0	9.110131e-15
162.0	9.144806e-15
163.0	9.179331e-15
164.0	9.213707e-15
165.0	9.247937e-15
166.0	9.282022e-15
167.0	9.315964e-15
168.0	9.349764e-15
169.0	9.383425e-15
170.0	9.416949e-15
171.0	9.450335e-15
172.0	9.483587e-15
173.0	9.516706e-15
174.0	9.549693e-15
175.0	9.582549e-15
176.0	9.615277e-15
177.0	9.647878e-15
178.0	9.680353e-15
179.0	9.712704e-15
180.0	9.744931e-15
181.0	9.777037e-15
182.0	9.809022e-15
183.0	9.840888e-15
184.0	9.872637e-15
185.0	9.904269e-15
186.0	9.935786e-15
187.0	9.967188e-15
188.0	9.998478e-15
189.0	1.002966e-14
190.0	1.006072e-14
191.0	1.009168e-14
192.0	1.012253e-14
193.0	1.015328e-14
194.0	1.018391e-14
195.0	1.021444e-14
196.0	1.024487e-14
197.0	1.027520e-14
198.0	1.030542e-14
199.0	1.033554e-14
200.0	1.036557e-14
201.0	1.039549e-14
202.0	1.042532e-14
203.0	1.045505e-14
204.0	1.048468e-14
205.0	1.051422e-14
206.0	1.054366e-14
207.0	1.057301e-14
208.0	1.060227e-14
209.0	1.063144e-14
210.0	1.066051e-14
211.0	1.068950e-14
212.0	1.071840e-14
213.0	1.074720e-14
214.0	1.077593e-14
215.0	1.080456e-14
216.0	1.083311e-14
217.0	1.086157e-14
218.0	1.088995e-14
219.0	1.091825e-14
220.0	1.094646e-14
221.0	1.097459e-14
222.0	1.100264e-14
223.0	1.103061e-14
224.0	1.105850e-14
225.0	1.108631e-14
226.0	1.111404e-14
227.0	1.114169e-14
228.0	1.116927e-14
229.0	1.119677e-14
230.0	1.122419e-14
231.0	1.125154e-14
232.0	1.127881e-14
233.0	1.130601e-14
234.0	1.133314e-14
235.0	1.136019e-14
236.0	1.138717e-14
237.0	1.141408e-14
238.0	1.144092e-14
239.0	1.146768e-14
240.0	1.149438e-14
241.0	1.152101e-14
242.0	1.154756e-14
243.0	1.157405e-14
244.0	1.160048e-14
245.0	1.162683e-14
246.0	1.165312e-14
247.0	1.167934e-14
248.0	1.170550e-14
249.0	1.173159e-14
250.0	1.175761e-14
251.0	1.178357e-14
252.0	1.180947e-14
253.0	1.183530e-14
254.0	1.186108e-14
255.0	1.188678e-14
256.0	1.191243e-14
257.0	1.193802e-14
258.0	1.196354e-14
259.0	1.198901e-14
260.0	1.201441e-14
261.0	1.203975e-14
262.0	1.206504e-14
263.0	1.209026e-14
264.0	1.211543e-14
265.0	1.214054e-14
266.0	1.216559e-14
267.0	1.219058e-14
268.0	1.221552e-14
269.0	1.224040e-14
270.0	1.226523e-14
271.0	1.229000e-14
272.0	1.231471e-14
273.0	1.233937e-14
274.0	1.236398e-14
275.0	1.238853e-14
276.0	1.241302e-14
277.0	1.243747e-14
278.0	1.246186e-14
279.0	1.248619e-14
280.0	1.251048e-14
281.0	1.253471e-14
282.0	1.255889e-14
283.0	1.258302e-14
284.0	1.260710e-14
285.0	1.263113e-14
286.0	1.265511e-14
287.0	1.267904e-14
288.0	1.270292e-14
289.0	1.272674e-14
290.0	1.275052e-14
291.0	1.277426e-14
292.0	1.279794e-14
293.0	1.282157e-14
294.0	1.284516e-14
295.0	1.286870e-14
296.0	1.289219e-14
297.0	1.291563e-14
298.0	1.293903e-14
299.0	1.296238e-14
300.0	1.298569e-14
