Dissociation energy loss (eV): 5.12
Energy (eV)	Rate coefficient (m^3/s)
0.0	0.000000e+00
1.0	4.908213e-23
2.0	1.059474e-18
3.0	2.977493e-17
4.0	1.588025e-16
5.0	4.353279e-16
6.0	8.546572e-16
7.0	1.386138e-15
8.0	1.996362e-15
9.0	2.653926e-15
10.0	3.334546e-15
11.0	4.019928e-15
12.0	4.698163e-15
13.0	5.359748e-15
14.0	5.999447e-15
15.0	6.615534e-15
16.0	7.201348e-15
17.0	7.756383e-15
18.0	8.287186e-15
19.0	8.784840e-15
20.0	9.257644e-15
21.0	9.703058e-15
22.0	1.012467e-14
23.0	1.052017e-14
24.0	1.089349e-14
25.0	1.124887e-14
26.0	1.158080e-14
27.0	1.189678e-14
28.0	1.219113e-14
29.0	1.247482e-14
30.0	1.274204e-14
31.0	1.299363e-14
32.0	1.323379e-14
33.0	1.345986e-14
34.0	1.367598e-14
35.0	1.388284e-14
36.0	1.407761e-14
37.0	1.426431e-14
38.0	1.444351e-14
39.0	1.461224e-14
40.0	1.477791e-14
41.0	1.493401e-14
42.0	1.508443e-14
43.0	1.522954e-14
44.0	1.536622e-14
45.0	1.550175e-14
46.0	1.562947e-14
47.0	1.575316e-14
48.0	1.587306e-14
49.0	1.598942e-14
50.0	1.610247e-14
51.0	1.620896e-14
52.0	1.631599e-14
53.0	1.641687e-14
54.0	1.651861e-14
55.0	1.661453e-14
56.0	1.670820e-14
57.0	1.679977e-14
58.0	1.688934e-14
59.0	1.697706e-14
60.0	1.706301e-14
61.0	1.714731e-14
62.0	1.723006e-14
63.0	1.730800e-14
64.0	1.738790e-14
65.0	1.746650e-14
66.0	1.754056e-14
67.0	1.761678e-14
68.0	1.768860e-14
69.0	1.776269e-14
70.0	1.783253e-14
71.0	1.790145e-14
72.0	1.797277e-14
73.0	1.804001e-14
74.0	1.810649e-14
75.0	1.817545e-14
76.0	1.824050e-14
77.0	1.830489e-14
78.0	1.836866e-14
79.0	1.843184e-14
80.0	1.849447e-14
81.0	1.855656e-14
82.0	1.861815e-14
83.0	1.867926e-14
84.0	1.873992e-14
85.0	1.880014e-14
86.0	1.885995e-14
87.0	1.891937e-14
88.0	1.897841e-14
89.0	1.903710e-14
90.0	1.909545e-14
91.0	1.915040e-14
92.0	1.920812e-14
93.0	1.926555e-14
94.0	1.932269e-14
95.0	1.937653e-14
96.0	1.943314e-14
97.0	1.948951e-14
98.0	1.954564e-14
99.0	1.959855e-14
100.0	1.965424e-14
101.0	1.970972e-14
102.0	1.976203e-14
103.0	1.981711e-14
104.0	1.987201e-14
105.0	1.992379e-14
106.0	1.997835e-14
107.0	2.002981e-14
108.0	2.008404e-14
109.0	2.013812e-14
110.0	2.018915e-14
111.0	2.024293e-14
112.0	2.029369e-14
113.0	2.034721e-14
114.0	2.039772e-14
115.0	2.045098e-14
116.0	2.050127e-14
117.0	2.055429e-14
118.0	2.060436e-14
119.0	2.065715e-14
120.0	2.070702e-14
121.0	2.075960e-14
122.0	2.080927e-14
123.0	2.086164e-14
124.0	2.091113e-14
125.0	2.096332e-14
126.0	2.101263e-14
127.0	2.106187e-14
128.0	2.111378e-14
129.0	2.116285e-14
130.0	2.121459e-14
131.0	2.126351e-14
132.0	2.131235e-14
133.0	2.136385e-14
134.0	2.141254e-14
135.0	2.146388e-14
136.0	2.151244e-14
137.0	2.156093e-14
138.0	2.161204e-14
139.0	2.166040e-14
140.0	2.170869e-14
141.0	2.175959e-14
142.0	2.180775e-14
143.0	2.185586e-14
144.0	2.190655e-14
145.0	2.195453e-14
146.0	2.200245e-14
147.0	2.205294e-14
148.0	2.210074e-14
149.0	2.214849e-14
150.0	2.219878e-14
151.0	2.224641e-14
152.0	2.229399e-14
153.0	2.234151e-14
154.0	2.239156e-14
155.0	2.243897e-14
156.0	2.248632e-14
157.0	2.253619e-14
158.0	2.258343e-14
159.0	2.263062e-14
160.0	2.267776e-14
161.0	2.272739e-14
162.0	2.277442e-14
163.0	2.282141e-14
164.0	2.286834e-14
165.0	2.291773e-14
166.0	2.296456e-14
167.0	2.301133e-14
168.0	2.305806e-14
169.0	2.310723e-14
170.0	2.315385e-14
171.0	2.320042e-14
172.0	2.324694e-14
173.0	2.329342e-14
174.0	2.334231e-14
175.0	2.338868e-14
176.0	2.343500e-14
177.0	2.348128e-14
178.0	2.352994e-14
179.0	2.357612e-14
180.0	2.362224e-14
181.0	2.366832e-14
182.0	2.371434e-14
183.0	2.376274e-14
184.0	2.380867e-14
185.0	2.385454e-14
186.0	2.390038e-14
187.0	2.394616e-14
188.0	2.399429e-14
189.0	2.403997e-14
190.0	2.408561e-14
191.0	2.413119e-14
192.0	2.417673e-14
193.0	2.422460e-14
194.0	2.427004e-14
195.0	2.431543e-14
196.0	2.436078e-14
197.0	2.440608e-14
198.0	2.445133e-14
199.0	2.449887e-14
200.0	2.454403e-14
201.0	2.458913e-14
202.0	2.463419e-14
203.0	2.467920e-14
204.0	2.472417e-14
205.0	2.477140e-14
206.0	2.481627e-14
207.0	2.486108e-14
208.0	2.490586e-14
209.0	2.495058e-14
210.0	2.499527e-14
211.0	2.504218e-14
212.0	2.508676e-14
213.0	2.513130e-14
214.0	2.517579e-14
215.0	2.522023e-14
216.0	2.526463e-14
217.0	2.530898e-14
218.0	2.535553e-14
219.0	2.539978e-14
220.0	2.544399e-14
221.0	2.548815e-14
222.0	2.553226e-14
223.0	2.557633e-14
224.0	2.562035e-14
225.0	2.566655e-14
226.0	2.571047e-14
227.0	2.575435e-14
228.0	2.579818e-14
229.0	2.584196e-14
230.0	2.588570e-14
231.0	2.592940e-14
232.0	2.597304e-14
233.0	2.601884e-14
234.0	2.606239e-14
235.0	2.610589e-14
236.0	2.614935e-14
237.0	2.619277e-14
238.0	2.623613e-14
239.0	2.627946e-14
240.0	2.632273e-14
241.0	2.636597e-14
242.0	2.641131e-14
243.0	2.645445e-14
244.0	2.649754e-14
245.0	2.654058e-14
246.0	2.658358e-14
247.0	2.662654e-14
248.0	2.666945e-14
249.0	2.671231e-14
250.0	2.675726e-14
251.0	2.680003e-14
252.0	2.684275e-14
253.0	2.688543e-14
254.0	2.692807e-14
255.0	2.697066e-14
256.0	2.701321e-14
257.0	2.705571e-14
258.0	2.709816e-14
259.0	2.714058e-14
260.0	2.718504e-14
261.0	2.722736e-14
262.0	2.726963e-14
263.0	2.731186e-14
264.0	2.735405e-14
265.0	2.739619e-14
266.0	2.743828e-14
267.0	2.748033e-14
268.0	2.752234e-14
269.0	2.756431e-14
270.0	2.760829e-14
271.0	2.765016e-14
272.0	2.769199e-14
273.0	2.773378e-14
274.0	2.777552e-14
275.0	2.781722e-14
276.0	2.785887e-14
277.0	2.790048e-14
278.0	2.794205e-14
279.0	2.798358e-14
280.0	2.802506e-14
281.0	2.806650e-14
282.0	2.810991e-14
283.0	2.815126e-14
284.0	2.819256e-14
285.0	2.823383e-14
286.0	2.827504e-14
287.0	2.831622e-14
288.0	2.835735e-14
289.0	2.839844e-14
290.0	2.843949e-14
291.0	2.848050e-14
292.0	2.852146e-14
293.0	2.856238e-14
294.0	2.860525e-14
295.0	2.864608e-14
296.0	2.868687e-14
297.0	2.872762e-14
298.0	2.876832e-14
299.0	2.880899e-14
300.0	2.884961e-14
