Ionization energy (eV): 18.738
Energy (eV)	Rate coefficient (m^3/s)
0.0	0.000000e+00
1.0	2.680383e-28
2.0	5.653368e-22
3.0	9.506479e-20
4.0	1.437757e-18
5.0	7.994591e-18
6.0	2.642093e-17
7.0	6.417121e-17
8.0	1.277919e-16
9.0	2.221175e-16
10.0	3.501601e-16
11.0	5.133413e-16
12.0	7.118305e-16
13.0	9.448762e-16
14.0	1.211086e-15
15.0	1.508646e-15
16.0	1.835489e-15
17.0	2.189414e-15
18.0	2.568177e-15
19.0	2.969548e-15
20.0	3.391359e-15
21.0	3.831525e-15
22.0	4.288069e-15
23.0	4.759126e-15
24.0	5.242951e-15
25.0	5.737917e-15
26.0	6.242517e-15
27.0	6.755358e-15
28.0	7.275156e-15
29.0	7.800729e-15
30.0	8.330996e-15
31.0	8.864967e-15
32.0	9.401735e-15
33.0	9.940475e-15
34.0	1.048044e-14
35.0	1.102093e-14
36.0	1.156135e-14
37.0	1.210111e-14
38.0	1.263972e-14
39.0	1.317671e-14
40.0	1.371167e-14
41.0	1.424423e-14
42.0	1.477403e-14
43.0	1.530080e-14
44.0	1.582425e-14
45.0	1.634414e-14
46.0	1.686026e-14
47.0	1.737242e-14
48.0	1.788045e-14
49.0	1.838421e-14
50.0	1.888356e-14
51.0	1.937840e-14
52.0	1.986863e-14
53.0	2.035415e-14
54.0	2.083492e-14
55.0	2.131087e-14
56.0	2.178194e-14
57.0	2.224811e-14
58.0	2.270935e-14
59.0	2.316564e-14
60.0	2.361696e-14
61.0	2.406331e-14
62.0	2.450469e-14
63.0	2.494110e-14
64.0	2.537256e-14
65.0	2.579908e-14
66.0	2.622069e-14
67.0	2.663740e-14
68.0	2.704923e-14
69.0	2.745623e-14
70.0	2.785843e-14
71.0	2.825585e-14
72.0	2.864853e-14
73.0	2.903652e-14
74.0	2.941985e-14
75.0	2.979857e-14
76.0	3.017272e-14
77.0	3.054234e-14
78.0	3.090748e-14
79.0	3.126818e-14
80.0	3.162449e-14
81.0	3.197647e-14
82.0	3.232415e-14
83.0	3.266758e-14
84.0	3.300682e-14
85.0	3.334191e-14
86.0	3.367291e-14
87.0	3.399985e-14
88.0	3.432280e-14
89.0	3.464179e-14
90.0	3.495689e-14
91.0	3.526812e-14
92.0	3.557556e-14
93.0	3.587923e-14
94.0	3.617920e-14
95.0	3.647551e-14
96.0	3.676820e-14
97.0	3.705732e-14
98.0	3.734293e-14
99.0	3.762506e-14
100.0	3.790376e-14
101.0	3.817908e-14
102.0	3.845107e-14
103.0	3.871976e-14
104.0	3.898519e-14
105.0	3.924743e-14
106.0	3.950650e-14
107.0	3.976244e-14
108.0	4.001531e-14
109.0	4.026515e-14
110.0	4.051198e-14
111.0	4.075586e-14
112.0	4.099683e-14
113.0	4.123491e-14
114.0	4.147016e-14
115.0	4.170261e-14
116.0	4.193230e-14
117.0	4.215927e-14
118.0	4.238355e-14
119.0	4.260517e-14
120.0	4.282419e-14
121.0	4.304062e-14
122.0	4.325451e-14
123.0	4.346588e-14
124.0	4.367478e-14
125.0	4.388124e-14
126.0	4.408529e-14
127.0	4.428696e-14
128.0	4.448628e-14
129.0	4.468329e-14
130.0	4.487801e-14
131.0	4.507049e-14
132.0	4.526074e-14
133.0	4.544879e-14
134.0	4.563469e-14
135.0	4.581845e-14
136.0	4.600010e-14
137.0	4.617967e-14
138.0	4.635720e-14
139.0	4.653270e-14
140.0	4.670620e-14
141.0	4.687773e-14
142.0	4.704732e-14
143.0	4.721499e-14
144.0	4.738076e-14
145.0	4.754467e-14
146.0	4.770673e-14
147.0	4.786697e-14
148.0	4.802542e-14
149.0	4.818209e-14
150.0	4.833702e-14
151.0	4.849021e-14
152.0	4.864170e-14
153.0	4.879151e-14
154.0	4.893966e-14
155.0	4.908617e-14
156.0	4.923106e-14
157.0	4.937435e-14
158.0	4.951606e-14
159.0	4.965622e-14
160.0	4.979484e-14
161.0	4.993194e-14
162.0	5.006755e-14
163.0	5.020167e-14
164.0	5.033434e-14
165.0	5.046556e-14
166.0	5.059536e-14
167.0	5.072376e-14
168.0	5.085077e-14
169.0	5.097640e-14
170.0	5.110069e-14
171.0	5.122363e-14
172.0	5.134526e-14
173.0	5.146558e-14
174.0	5.158462e-14
175.0	5.170239e-14
176.0	5.181890e-14
177.0	5.193417e-14
178.0	5.204822e-14
179.0	5.216106e-14
180.0	5.227271e-14
181.0	5.238317e-14
182.0	5.249247e-14
183.0	5.260062e-14
184.0	5.270764e-14
185.0	5.281353e-14
186.0	5.291831e-14
187.0	5.302200e-14
188.0	5.312460e-14
189.0	5.322614e-14
190.0	5.332662e-14
191.0	5.342606e-14
192.0	5.352446e-14
193.0	5.362185e-14
194.0	5.371823e-14
195.0	5.381362e-14
196.0	5.390803e-14
197.0	5.400147e-14
198.0	5.409395e-14
199.0	5.418548e-14
200.0	5.427608e-14
201.0	5.436575e-14
202.0	5.445451e-14
203.0	5.454237e-14
204.0	5.462933e-14
205.0	5.471542e-14
206.0	5.480063e-14
207.0	5.488498e-14
208.0	5.496849e-14
209.0	5.505115e-14
210.0	5.513298e-14
211.0	5.521399e-14
212.0	5.529419e-14
213.0	5.537359e-14
214.0	5.545220e-14
215.0	5.553003e-14
216.0	5.560708e-14
217.0	5.568336e-14
218.0	5.575889e-14
219.0	5.583368e-14
220.0	5.590772e-14
221.0	5.598104e-14
222.0	5.605364e-14
223.0	5.612552e-14
224.0	5.619670e-14
225.0	5.626718e-14
226.0	5.633697e-14
227.0	5.640609e-14
228.0	5.647453e-14
229.0	5.654230e-14
230.0	5.660942e-14
231.0	5.667589e-14
232.0	5.674172e-14
233.0	5.680691e-14
234.0	5.687148e-14
235.0	5.693542e-14
236.0	5.699876e-14
237.0	5.706148e-14
238.0	5.712361e-14
239.0	5.718514e-14
240.0	5.724609e-14
241.0	5.730646e-14
242.0	5.736626e-14
243.0	5.742549e-14
244.0	5.748416e-14
245.0	5.754228e-14
246.0	5.759985e-14
247.0	5.765688e-14
248.0	5.771338e-14
249.0	5.776934e-14
250.0	5.782479e-14
251.0	5.787972e-14
252.0	5.793413e-14
253.0	5.798805e-14
254.0	5.804146e-14
255.0	5.809438e-14
256.0	5.814681e-14
257.0	5.819876e-14
258.0	5.825023e-14
259.0	5.830123e-14
260.0	5.835176e-14
261.0	5.840183e-14
262.0	5.845145e-14
263.0	5.850061e-14
264.0	5.854933e-14
265.0	5.859760e-14
266.0	5.864544e-14
267.0	5.869285e-14
268.0	5.873983e-14
269.0	5.878639e-14
270.0	5.883253e-14
271.0	5.887826e-14
272.0	5.892359e-14
273.0	5.896850e-14
274.0	5.901302e-14
275.0	5.905715e-14
276.0	5.910089e-14
277.0	5.914423e-14
278.0	5.918720e-14
279.0	5.922980e-14
280.0	5.927201e-14
281.0	5.931386e-14
282.0	5.935535e-14
283.0	5.939647e-14
284.0	5.943724e-14
285.0	5.947765e-14
286.0	5.951772e-14
287.0	5.955744e-14
288.0	5.959681e-14
289.0	5.963586e-14
290.0	5.967456e-14
291.0	5.971294e-14
292.0	5.975099e-14
293.0	5.978872e-14
294.0	5.982613e-14
295.0	5.986322e-14
296.0	5.990000e-14
297.0	5.993647e-14
298.0	5.997264e-14
299.0	6.000850e-14
300.0	6.004407e-14
