Momentum transfer, no inelastic energy loss (eV): 0.0
Energy (eV)	Rate coefficient (m^3/s)
0.0	0.000000e+00
1.0	3.385715e-14
2.0	4.817908e-14
3.0	5.883609e-14
4.0	6.831333e-14
5.0	7.704959e-14
6.0	8.511583e-14
7.0	9.251796e-14
8.0	9.926054e-14
9.0	1.053599e-13
10.0	1.108442e-13
11.0	1.157504e-13
12.0	1.201200e-13
13.0	1.239970e-13
14.0	1.274246e-13
15.0	1.304449e-13
16.0	1.330971e-13
17.0	1.354177e-13
18.0	1.374400e-13
19.0	1.391943e-13
20.0	1.407077e-13
21.0	1.420051e-13
22.0	1.431083e-13
23.0	1.440372e-13
24.0	1.448094e-13
25.0	1.454409e-13
26.0	1.459457e-13
27.0	1.463367e-13
28.0	1.466252e-13
29.0	1.468214e-13
30.0	1.469344e-13
31.0	1.469726e-13
32.0	1.469433e-13
33.0	1.468533e-13
34.0	1.467084e-13
35.0	1.465142e-13
36.0	1.462755e-13
37.0	1.459967e-13
38.0	1.456819e-13
39.0	1.453348e-13
40.0	1.449585e-13
41.0	1.445561e-13
42.0	1.441302e-13
43.0	1.436834e-13
44.0	1.432179e-13
45.0	1.427357e-13
46.0	1.422387e-13
47.0	1.417286e-13
48.0	1.412068e-13
49.0	1.406750e-13
50.0	1.401342e-13
51.0	1.395857e-13
52.0	1.390305e-13
53.0	1.384697e-13
54.0	1.379042e-13
55.0	1.373347e-13
56.0	1.367620e-13
57.0	1.361868e-13
58.0	1.356097e-13
59.0	1.350313e-13
60.0	1.344522e-13
61.0	1.338727e-13
62.0	1.332934e-13
63.0	1.327146e-13
64.0	1.321367e-13
65.0	1.315601e-13
66.0	1.309849e-13
67.0	1.304116e-13
68.0	1.298404e-13
69.0	1.292715e-13
70.0	1.287051e-13
71.0	1.281413e-13
72.0	1.275805e-13
73.0	1.270227e-13
74.0	1.264680e-13
75.0	1.259166e-13
76.0	1.253686e-13
77.0	1.248241e-13
78.0	1.242832e-13
79.0	1.237459e-13
80.0	1.232124e-13
81.0	1.226827e-13
82.0	1.221568e-13
83.0	1.216349e-13
84.0	1.211168e-13
85.0	1.206027e-13
86.0	1.200926e-13
87.0	1.195865e-13
88.0	1.190845e-13
89.0	1.185865e-13
90.0	1.180925e-13
91.0	1.176025e-13
92.0	1.171167e-13
93.0	1.166348e-13
94.0	1.161570e-13
95.0	1.156832e-13
96.0	1.152134e-13
97.0	1.147477e-13
98.0	1.142859e-13
99.0	1.138280e-13
100.0	1.133742e-13
101.0	1.129242e-13
102.0	1.124781e-13
103.0	1.120359e-13
104.0	1.115976e-13
105.0	1.111631e-13
106.0	1.107323e-13
107.0	1.103054e-13
108.0	1.098821e-13
109.0	1.094626e-13
110.0	1.090467e-13
111.0	1.086345e-13
112.0	1.082259e-13
113.0	1.078208e-13
114.0	1.074193e-13
115.0	1.070214e-13
116.0	1.066268e-13
117.0	1.062358e-13
118.0	1.058481e-13
119.0	1.054638e-13
120.0	1.050829e-13
121.0	1.047052e-13
122.0	1.043308e-13
123.0	1.039597e-13
124.0	1.035917e-13
125.0	1.032270e-13
126.0	1.028654e-13
127.0	1.025068e-13
128.0	1.021514e-13
129.0	1.017990e-13
130.0	1.014495e-13
131.0	1.011031e-13
132.0	1.007596e-13
133.0	1.004190e-13
134.0	1.000812e-13
135.0	9.974632e-14
136.0	9.941423e-14
137.0	9.908492e-14
138.0	9.875835e-14
139.0	9.843450e-14
140.0	9.811333e-14
141.0	9.779481e-14
142.0	9.747891e-14
143.0	9.716560e-14
144.0	9.685487e-14
145.0	9.654667e-14
146.0	9.624097e-14
147.0	9.593775e-14
148.0	9.563698e-14
149.0	9.533863e-14
150.0	9.504267e-14
151.0	9.474908e-14
152.0	9.445783e-14
153.0	9.416888e-14
154.0	9.388223e-14
155.0	9.359783e-14
156.0	9.331567e-14
157.0	9.303572e-14
158.0	9.275795e-14
159.0	9.248233e-14
160.0	9.220885e-14
161.0	9.193748e-14
162.0	9.166819e-14
163.0	9.140097e-14
164.0	9.113578e-14
165.0	9.087261e-14
166.0	9.061143e-14
167.0	9.035222e-14
168.0	9.009497e-14
169.0	8.983964e-14
170.0	8.958622e-14
171.0	8.933468e-14
172.0	8.908500e-14
173.0	8.883716e-14
174.0	8.859115e-14
175.0	8.834693e-14
176.0	8.810449e-14
177.0	8.786382e-14
178.0	8.762488e-14
179.0	8.738767e-14
180.0	8.715216e-14
181.0	8.691834e-14
182.0	8.668618e-14
183.0	8.645567e-14
184.0	8.622680e-14
185.0	8.599953e-14
186.0	8.577386e-14
187.0	8.554976e-14
188.0	8.532723e-14
189.0	8.510624e-14
190.0	8.488678e-14
191.0	8.466883e-14
192.0	8.445238e-14
193.0	8.423741e-14
194.0	8.402389e-14
195.0	8.381183e-14
196.0	8.360119e-14
197.0	8.339197e-14
198.0	8.318416e-14
199.0	8.297773e-14
200.0	8.277267e-14
201.0	8.256899e-14
202.0	8.236664e-14
203.0	8.216562e-14
204.0	8.196592e-14
205.0	8.176753e-14
206.0	8.157043e-14
207.0	8.137460e-14
208.0	8.118003e-14
209.0	8.098672e-14
210.0	8.079465e-14
211.0	8.060380e-14
212.0	8.041416e-14
213.0	8.022573e-14
214.0	8.003848e-14
215.0	7.985242e-14
216.0	7.966752e-14
217.0	7.948377e-14
218.0	7.930117e-14
219.0	7.911970e-14
220.0	7.893934e-14
221.0	7.876010e-14
222.0	7.858195e-14
223.0	7.840489e-14
224.0	7.822892e-14
225.0	7.805401e-14
226.0	7.788016e-14
227.0	7.770734e-14
228.0	7.753557e-14
229.0	7.736483e-14
230.0	7.719510e-14
231.0	7.702638e-14
232.0	7.685866e-14
233.0	7.669192e-14
234.0	7.652616e-14
235.0	7.636137e-14
236.0	7.619755e-14
237.0	7.603467e-14
238.0	7.587272e-14
239.0	7.571173e-14
240.0	7.555165e-14
241.0	7.539249e-14
242.0	7.523424e-14
243.0	7.507689e-14
244.0	7.492043e-14
245.0	7.476486e-14
246.0	7.461016e-14
247.0	7.445633e-14
248.0	7.430337e-14
249.0	7.415125e-14
250.0	7.399997e-14
251.0	7.384955e-14
252.0	7.369995e-14
253.0	7.355117e-14
254.0	7.340321e-14
255.0	7.325606e-14
256.0	7.310971e-14
257.0	7.296416e-14
258.0	7.281939e-14
259.0	7.267540e-14
260.0	7.253219e-14
261.0	7.238974e-14
262.0	7.224806e-14
263.0	7.210711e-14
264.0	7.196694e-14
265.0	7.182750e-14
266.0	7.168879e-14
267.0	7.155081e-14
268.0	7.141356e-14
269.0	7.127702e-14
270.0	7.114119e-14
271.0	7.100606e-14
272.0	7.087164e-14
273.0	7.073791e-14
274.0	7.060486e-14
275.0	7.047250e-14
276.0	7.034082e-14
277.0	7.020980e-14
278.0	7.007945e-14
279.0	6.994977e-14
280.0	6.982074e-14
281.0	6.969235e-14
282.0	6.956461e-14
283.0	6.943751e-14
284.0	6.931104e-14
285.0	6.918521e-14
286.0	6.905999e-14
287.0	6.893540e-14
288.0	6.881143e-14
289.0	6.868806e-14
290.0	6.856530e-14
291.0	6.844315e-14
292.0	6.832158e-14
293.0	6.820060e-14
294.0	6.808019e-14
295.0	6.796040e-14
296.0	6.784117e-14
297.0	6.772251e-14
298.0	6.760442e-14
299.0	6.748689e-14
300.0	6.736992e-14
