Ionization energy (eV): 12.2
Energy (eV)	Rate coefficient (m^3/s)
0.0	0.000000e+00
1.0	1.114786e-23
2.0	2.459663e-19
3.0	8.230953e-18
4.0	5.247864e-17
5.0	1.691406e-16
6.0	3.836111e-16
7.0	7.073478e-16
8.0	1.141412e-15
9.0	1.680487e-15
10.0	2.315835e-15
11.0	3.037189e-15
12.0	3.833905e-15
13.0	4.695623e-15
14.0	5.612623e-15
15.0	6.575999e-15
16.0	7.577716e-15
17.0	8.610607e-15
18.0	9.668329e-15
19.0	1.074530e-14
20.0	1.183665e-14
21.0	1.293812e-14
22.0	1.404601e-14
23.0	1.515712e-14
24.0	1.626871e-14
25.0	1.737846e-14
26.0	1.848420e-14
27.0	1.958421e-14
28.0	2.067699e-14
29.0	2.176147e-14
30.0	2.283657e-14
31.0	2.390123e-14
32.0	2.495470e-14
33.0	2.599674e-14
34.0	2.702631e-14
35.0	2.804355e-14
36.0	2.904781e-14
37.0	3.003902e-14
38.0	3.101683e-14
39.0	3.198150e-14
40.0	3.293261e-14
41.0	3.387030e-14
42.0	3.479460e-14
43.0	3.570536e-14
44.0	3.660302e-14
45.0	3.748732e-14
46.0	3.835854e-14
47.0	3.921682e-14
48.0	4.006230e-14
49.0	4.089514e-14
50.0	4.171548e-14
51.0	4.252334e-14
52.0	4.331924e-14
53.0	4.410300e-14
54.0	4.487499e-14
55.0	4.563540e-14
56.0	4.638442e-14
57.0	4.712223e-14
58.0	4.784903e-14
59.0	4.856500e-14
60.0	4.927034e-14
61.0	4.996524e-14
62.0	5.064987e-14
63.0	5.132426e-14
64.0	5.198893e-14
65.0	5.264389e-14
66.0	5.328914e-14
67.0	5.392504e-14
68.0	5.455192e-14
69.0	5.516962e-14
70.0	5.577863e-14
71.0	5.637880e-14
72.0	5.697044e-14
73.0	5.755372e-14
74.0	5.812895e-14
75.0	5.869596e-14
76.0	5.925506e-14
77.0	5.980639e-14
78.0	6.035011e-14
79.0	6.088634e-14
80.0	6.141524e-14
81.0	6.193692e-14
82.0	6.245153e-14
83.0	6.295918e-14
84.0	6.346002e-14
85.0	6.395415e-14
86.0	6.444170e-14
87.0	6.492279e-14
88.0	6.539754e-14
89.0	6.586589e-14
90.0	6.632828e-14
91.0	6.678465e-14
92.0	6.723511e-14
93.0	6.767977e-14
94.0	6.811856e-14
95.0	6.855191e-14
96.0	6.897974e-14
97.0	6.940200e-14
98.0	6.981910e-14
99.0	7.023096e-14
100.0	7.063768e-14
101.0	7.103918e-14
102.0	7.143587e-14
103.0	7.182752e-14
104.0	7.221451e-14
105.0	7.259677e-14
106.0	7.297423e-14
107.0	7.334727e-14
108.0	7.371566e-14
109.0	7.407977e-14
110.0	7.443938e-14
111.0	7.479485e-14
112.0	7.514595e-14
113.0	7.549306e-14
114.0	7.583593e-14
115.0	7.617494e-14
116.0	7.650983e-14
117.0	7.684099e-14
118.0	7.716816e-14
119.0	7.749170e-14
120.0	7.781139e-14
121.0	7.812756e-14
122.0	7.843998e-14
123.0	7.874900e-14
124.0	7.905438e-14
125.0	7.935646e-14
126.0	7.965500e-14
127.0	7.995021e-14
128.0	8.024228e-14
129.0	8.053096e-14
130.0	8.081658e-14
131.0	8.109892e-14
132.0	8.137816e-14
133.0	8.165449e-14
134.0	8.192766e-14
135.0	8.219787e-14
136.0	8.246529e-14
137.0	8.272969e-14
138.0	8.299124e-14
139.0	8.325014e-14
140.0	8.350613e-14
141.0	8.375940e-14
142.0	8.401012e-14
143.0	8.425806e-14
144.0	8.450339e-14
145.0	8.474628e-14
146.0	8.498649e-14
147.0	8.522420e-14
148.0	8.545958e-14
149.0	8.569238e-14
150.0	8.592278e-14
151.0	8.615081e-14
152.0	8.637664e-14
153.0	8.660003e-14
154.0	8.682113e-14
155.0	8.704013e-14
156.0	8.725678e-14
157.0	8.747124e-14
158.0	8.768354e-14
159.0	8.789384e-14
160.0	8.810192e-14
161.0	8.830791e-14
162.0	8.851186e-14
163.0	8.871392e-14
164.0	8.891386e-14
165.0	8.911182e-14
166.0	8.930785e-14
167.0	8.950208e-14
168.0	8.969429e-14
169.0	8.988463e-14
170.0	9.007312e-14
171.0	9.025979e-14
172.0	9.044479e-14
173.0	9.062788e-14
174.0	9.080922e-14
175.0	9.098883e-14
176.0	9.116684e-14
177.0	9.134305e-14
178.0	9.151758e-14
179.0	9.169046e-14
180.0	9.186172e-14
181.0	9.203149e-14
182.0	9.219954e-14
183.0	9.236603e-14
184.0	9.253097e-14
185.0	9.269437e-14
186.0	9.285639e-14
187.0	9.301679e-14
188.0	9.317571e-14
189.0	9.333317e-14
190.0	9.348919e-14
191.0	9.364378e-14
192.0	9.379710e-14
193.0	9.394889e-14
194.0	9.409931e-14
195.0	9.424838e-14
196.0	9.439610e-14
197.0	9.454262e-14
198.0	9.468771e-14
199.0	9.483150e-14
200.0	9.497401e-14
201.0	9.511526e-14
202.0	9.525525e-14
203.0	9.539401e-14
204.0	9.553167e-14
205.0	9.566801e-14
206.0	9.580314e-14
207.0	9.593710e-14
208.0	9.606990e-14
209.0	9.620154e-14
210.0	9.633216e-14
211.0	9.646153e-14
212.0	9.658979e-14
213.0	9.671695e-14
214.0	9.684303e-14
215.0	9.696803e-14
216.0	9.709196e-14
217.0	9.721496e-14
218.0	9.733680e-14
219.0	9.745761e-14
220.0	9.757741e-14
221.0	9.769620e-14
222.0	9.781400e-14
223.0	9.793081e-14
224.0	9.804666e-14
225.0	9.816166e-14
226.0	9.827559e-14
227.0	9.838858e-14
228.0	9.850065e-14
229.0	9.861179e-14
230.0	9.872203e-14
231.0	9.883137e-14
232.0	9.893982e-14
233.0	9.904750e-14
234.0	9.915421e-14
235.0	9.926005e-14
236.0	9.936504e-14
237.0	9.946919e-14
238.0	9.957251e-14
239.0	9.967501e-14
240.0	9.977669e-14
241.0	9.987768e-14
242.0	9.997776e-14
243.0	1.000771e-13
244.0	1.001756e-13
245.0	1.002733e-13
246.0	1.003703e-13
247.0	1.004665e-13
248.0	1.005620e-13
249.0	1.006568e-13
250.0	1.007509e-13
251.0	1.008442e-13
252.0	1.009368e-13
253.0	1.010287e-13
254.0	1.011198e-13
255.0	1.012103e-13
256.0	1.013001e-13
257.0	1.013893e-13
258.0	1.014777e-13
259.0	1.015655e-13
260.0	1.016528e-13
261.0	1.017393e-13
262.0	1.018251e-13
263.0	1.019103e-13
264.0	1.019949e-13
265.0	1.020789e-13
266.0	1.021623e-13
267.0	1.022450e-13
268.0	1.023271e-13
269.0	1.024087e-13
270.0	1.024897e-13
271.0	1.025702e-13
272.0	1.026500e-13
273.0	1.027292e-13
274.0	1.028079e-13
275.0	1.028860e-13
276.0	1.029636e-13
277.0	1.030406e-13
278.0	1.031170e-13
279.0	1.031930e-13
280.0	1.032684e-13
281.0	1.033433e-13
282.0	1.034177e-13
283.0	1.034916e-13
284.0	1.035650e-13
285.0	1.036378e-13
286.0	1.037102e-13
287.0	1.037820e-13
288.0	1.038534e-13
289.0	1.039243e-13
290.0	1.039947e-13
291.0	1.040647e-13
292.0	1.041341e-13
293.0	1.042031e-13
294.0	1.042717e-13
295.0	1.043398e-13
296.0	1.044076e-13
297.0	1.044748e-13
298.0	1.045416e-13
299.0	1.046079e-13
300.0	1.046738e-13
