Ionization energy (eV): 13.618
Energy (eV)	Rate coefficient (m^3/s)
0.0	0.000000e+00
1.0	4.755420e-24
2.0	1.849945e-19
3.0	7.333234e-18
4.0	5.041501e-17
5.0	1.685724e-16
6.0	3.890723e-16
7.0	7.227266e-16
8.0	1.168495e-15
9.0	1.718628e-15
10.0	2.362166e-15
11.0	3.087033e-15
12.0	3.881212e-15
13.0	4.733392e-15
14.0	5.633288e-15
15.0	6.571762e-15
16.0	7.540829e-15
17.0	8.533589e-15
18.0	9.544136e-15
19.0	1.056745e-14
20.0	1.159926e-14
21.0	1.263599e-14
22.0	1.367461e-14
23.0	1.471258e-14
24.0	1.574776e-14
25.0	1.677837e-14
26.0	1.780292e-14
27.0	1.882016e-14
28.0	1.982906e-14
29.0	2.082875e-14
30.0	2.181853e-14
31.0	2.279781e-14
32.0	2.376611e-14
33.0	2.472307e-14
34.0	2.566837e-14
35.0	2.660178e-14
36.0	2.752311e-14
37.0	2.843226e-14
38.0	2.932911e-14
39.0	3.021364e-14
40.0	3.108582e-14
41.0	3.194566e-14
42.0	3.279319e-14
43.0	3.362847e-14
44.0	3.445156e-14
45.0	3.526256e-14
46.0	3.606156e-14
47.0	3.684867e-14
48.0	3.762400e-14
49.0	3.838769e-14
50.0	3.913987e-14
51.0	3.988067e-14
52.0	4.061023e-14
53.0	4.132871e-14
54.0	4.203625e-14
55.0	4.273300e-14
56.0	4.341911e-14
57.0	4.409474e-14
58.0	4.476004e-14
59.0	4.541518e-14
60.0	4.606029e-14
61.0	4.669554e-14
62.0	4.732109e-14
63.0	4.793708e-14
64.0	4.854367e-14
65.0	4.914100e-14
66.0	4.972924e-14
67.0	5.030853e-14
68.0	5.087900e-14
69.0	5.144083e-14
70.0	5.199413e-14
71.0	5.253906e-14
72.0	5.307576e-14
73.0	5.360436e-14
74.0	5.412500e-14
75.0	5.463782e-14
76.0	5.514294e-14
77.0	5.564050e-14
78.0	5.613063e-14
79.0	5.661345e-14
80.0	5.708908e-14
81.0	5.755766e-14
82.0	5.801929e-14
83.0	5.847410e-14
84.0	5.892221e-14
85.0	5.936372e-14
86.0	5.979875e-14
87.0	6.022742e-14
88.0	6.064982e-14
89.0	6.106606e-14
90.0	6.147626e-14
91.0	6.188051e-14
92.0	6.227891e-14
93.0	6.267157e-14
94.0	6.305858e-14
95.0	6.344003e-14
96.0	6.381602e-14
97.0	6.418665e-14
98.0	6.455199e-14
99.0	6.491215e-14
100.0	6.526720e-14
101.0	6.561724e-14
102.0	6.596234e-14
103.0	6.630260e-14
104.0	6.663808e-14
105.0	6.696887e-14
106.0	6.729506e-14
107.0	6.761670e-14
108.0	6.793389e-14
109.0	6.824669e-14
110.0	6.855517e-14
111.0	6.885941e-14
112.0	6.915947e-14
113.0	6.945543e-14
114.0	6.974735e-14
115.0	7.003529e-14
116.0	7.031932e-14
117.0	7.059951e-14
118.0	7.087592e-14
119.0	7.114860e-14
120.0	7.141762e-14
121.0	7.168304e-14
122.0	7.194490e-14
123.0	7.220328e-14
124.0	7.245822e-14
125.0	7.270979e-14
126.0	7.295802e-14
127.0	7.320299e-14
128.0	7.344473e-14
129.0	7.368329e-14
130.0	7.391874e-14
131.0	7.415111e-14
132.0	7.438045e-14
133.0	7.460682e-14
134.0	7.483025e-14
135.0	7.505080e-14
136.0	7.526850e-14
137.0	7.548340e-14
138.0	7.569554e-14
139.0	7.590497e-14
140.0	7.611173e-14
141.0	7.631585e-14
142.0	7.651738e-14
143.0	7.671636e-14
144.0	7.691282e-14
145.0	7.710680e-14
146.0	7.729834e-14
147.0	7.748747e-14
148.0	7.767424e-14
149.0	7.785867e-14
150.0	7.804080e-14
151.0	7.822067e-14
152.0	7.839830e-14
153.0	7.857373e-14
154.0	7.874700e-14
155.0	7.891813e-14
156.0	7.908715e-14
157.0	7.925410e-14
158.0	7.941900e-14
159.0	7.958189e-14
160.0	7.974280e-14
161.0	7.990174e-14
162.0	8.005875e-14
163.0	8.021386e-14
164.0	8.036709e-14
165.0	8.051848e-14
166.0	8.066804e-14
167.0	8.081580e-14
168.0	8.096179e-14
169.0	8.110602e-14
170.0	8.124854e-14
171.0	8.138936e-14
172.0	8.152850e-14
173.0	8.166598e-14
174.0	8.180184e-14
175.0	8.193608e-14
176.0	8.206874e-14
177.0	8.219984e-14
178.0	8.232939e-14
179.0	8.245742e-14
180.0	8.258394e-14
181.0	8.270899e-14
182.0	8.283257e-14
183.0	8.295471e-14
184.0	8.307542e-14
185.0	8.319473e-14
186.0	8.331266e-14
187.0	8.342921e-14
188.0	8.354442e-14
189.0	8.365830e-14
190.0	8.377086e-14
191.0	8.388212e-14
192.0	8.399211e-14
193.0	8.410083e-14
194.0	8.420830e-14
195.0	8.431454e-14
196.0	8.441957e-14
197.0	8.452340e-14
198.0	8.462603e-14
199.0	8.472751e-14
200.0	8.482783e-14
201.0	8.492701e-14
202.0	8.502506e-14
203.0	8.512200e-14
204.0	8.521785e-14
205.0	8.531261e-14
206.0	8.540630e-14
207.0	8.549894e-14
208.0	8.559053e-14
209.0	8.568109e-14
210.0	8.577064e-14
211.0	8.585918e-14
212.0	8.594673e-14
213.0	8.603330e-14
214.0	8.611889e-14
215.0	8.620353e-14
216.0	8.628723e-14
217.0	8.637000e-14
218.0	8.645184e-14
219.0	8.653277e-14
220.0	8.661280e-14
221.0	8.669194e-14
222.0	8.677021e-14
223.0	8.684760e-14
224.0	8.692414e-14
225.0	8.699983e-14
226.0	8.707468e-14
227.0	8.714871e-14
228.0	8.722192e-14
229.0	8.729432e-14
230.0	8.736592e-14
231.0	8.743673e-14
232.0	8.750676e-14
233.0	8.757603e-14
234.0	8.764453e-14
235.0	8.771227e-14
236.0	8.777928e-14
237.0	8.784554e-14
238.0	8.791108e-14
239.0	8.797590e-14
240.0	8.804001e-14
241.0	8.810342e-14
242.0	8.816613e-14
243.0	8.822816e-14
244.0	8.828950e-14
245.0	8.835018e-14
246.0	8.841019e-14
247.0	8.846955e-14
248.0	8.852825e-14
249.0	8.858631e-14
250.0	8.864375e-14
251.0	8.870055e-14
252.0	8.875674e-14
253.0	8.881231e-14
254.0	8.886727e-14
255.0	8.892163e-14
256.0	8.897540e-14
257.0	8.902859e-14
258.0	8.908119e-14
259.0	8.913322e-14
260.0	8.918468e-14
261.0	8.923558e-14
262.0	8.928593e-14
263.0	8.933572e-14
264.0	8.938497e-14
265.0	8.943368e-14
266.0	8.948187e-14
267.0	8.952952e-14
268.0	8.957666e-14
269.0	8.962328e-14
270.0	8.966940e-14
271.0	8.971500e-14
272.0	8.976011e-14
273.0	8.980472e-14
274.0	8.984885e-14
275.0	8.989250e-14
276.0	8.993566e-14
277.0	8.997836e-14
278.0	9.002058e-14
279.0	9.006235e-14
280.0	9.010365e-14
281.0	9.014450e-14
282.0	9.018491e-14
283.0	9.022487e-14
284.0	9.026439e-14
285.0	9.030347e-14
286.0	9.034213e-14
287.0	9.038036e-14
288.0	9.041816e-14
289.0	9.045555e-14
290.0	9.049253e-14
291.0	9.052910e-14
292.0	9.056527e-14
293.0	9.060103e-14
294.0	9.063639e-14
295.0	9.067137e-14
296.0	9.070596e-14
297.0	9.074016e-14
298.0	9.077399e-14
299.0	9.080743e-14
300.0	9.084050e-14
