Dissociative attachment tabulated onset, NOT a solver input (eV): 4.2
Energy (eV)	Rate coefficient (m^3/s)
0.0	0.000000e+00
1.0	2.144779e-19
2.0	6.863502e-18
3.0	1.818808e-17
4.0	2.651606e-17
5.0	3.099769e-17
6.0	3.279117e-17
7.0	3.297306e-17
8.0	3.225417e-17
9.0	3.106324e-17
10.0	2.965073e-17
11.0	2.816060e-17
12.0	2.667416e-17
13.0	2.523592e-17
14.0	2.386881e-17
15.0	2.258307e-17
16.0	2.138161e-17
17.0	2.026313e-17
18.0	1.922404e-17
19.0	1.825960e-17
20.0	1.736458e-17
21.0	1.653367e-17
22.0	1.576173e-17
23.0	1.504387e-17
24.0	1.437556e-17
25.0	1.375262e-17
26.0	1.317119e-17
27.0	1.262782e-17
28.0	1.211932e-17
29.0	1.164281e-17
30.0	1.119570e-17
31.0	1.077561e-17
32.0	1.038042e-17
33.0	1.000818e-17
34.0	9.657138e-18
35.0	9.325691e-18
36.0	9.012381e-18
37.0	8.715889e-18
38.0	8.435010e-18
39.0	8.168637e-18
40.0	7.915778e-18
41.0	7.675489e-18
42.0	7.446953e-18
43.0	7.229388e-18
44.0	7.022066e-18
45.0	6.824354e-18
46.0	6.635639e-18
47.0	6.455368e-18
48.0	6.282970e-18
49.0	6.118340e-18
50.0	5.960312e-18
51.0	5.809274e-18
52.0	5.664043e-18
53.0	5.524889e-18
54.0	5.391320e-18
55.0	5.263010e-18
56.0	5.139665e-18
57.0	5.021032e-18
58.0	4.906869e-18
59.0	4.796931e-18
60.0	4.691013e-18
61.0	4.588921e-18
62.0	4.490450e-18
63.0	4.395428e-18
64.0	4.303689e-18
65.0	4.215101e-18
66.0	4.129473e-18
67.0	4.046702e-18
68.0	3.966642e-18
69.0	3.889186e-18
70.0	3.814195e-18
71.0	3.741578e-18
72.0	3.671233e-18
73.0	3.603040e-18
74.0	3.536918e-18
75.0	3.472825e-18
76.0	3.410586e-18
77.0	3.350233e-18
78.0	3.291599e-18
79.0	3.234658e-18
80.0	3.179330e-18
81.0	3.125567e-18
82.0	3.073277e-18
83.0	3.022445e-18
84.0	2.972975e-18
85.0	2.924865e-18
86.0	2.878012e-18
87.0	2.832396e-18
88.0	2.787982e-18
89.0	2.744691e-18
90.0	2.702533e-18
91.0	2.661416e-18
92.0	2.621341e-18
93.0	2.582266e-18
94.0	2.544125e-18
95.0	2.506946e-18
96.0	2.470625e-18
97.0	2.435190e-18
98.0	2.400646e-18
99.0	2.366788e-18
100.0	2.333799e-18
101.0	2.301541e-18
102.0	2.270098e-18
103.0	2.239219e-18
104.0	2.209134e-18
105.0	2.179703e-18
106.0	2.150888e-18
107.0	2.122717e-18
108.0	2.095168e-18
109.0	2.068193e-18
110.0	2.041785e-18
111.0	2.015943e-18
112.0	1.990659e-18
113.0	1.965877e-18
114.0	1.941586e-18
115.0	1.917817e-18
116.0	1.894542e-18
117.0	1.871702e-18
118.0	1.849327e-18
119.0	1.827390e-18
120.0	1.805891e-18
121.0	1.784815e-18
122.0	1.764135e-18
123.0	1.743843e-18
124.0	1.723951e-18
125.0	1.704436e-18
126.0	1.685281e-18
127.0	1.666472e-18
128.0	1.648008e-18
129.0	1.629894e-18
130.0	1.612120e-18
131.0	1.594655e-18
132.0	1.577490e-18
133.0	1.560632e-18
134.0	1.544082e-18
135.0	1.527833e-18
136.0	1.511858e-18
137.0	1.496155e-18
138.0	1.480714e-18
139.0	1.465539e-18
140.0	1.450627e-18
141.0	1.435976e-18
142.0	1.421566e-18
143.0	1.407390e-18
144.0	1.393431e-18
145.0	1.379726e-18
146.0	1.366209e-18
147.0	1.352976e-18
148.0	1.339890e-18
149.0	1.327056e-18
150.0	1.314408e-18
151.0	1.301955e-18
152.0	1.289678e-18
153.0	1.277653e-18
154.0	1.265745e-18
155.0	1.254085e-18
156.0	1.242567e-18
157.0	1.231222e-18
158.0	1.220056e-18
159.0	1.209048e-18
160.0	1.198210e-18
161.0	1.187540e-18
162.0	1.177025e-18
163.0	1.166666e-18
164.0	1.156454e-18
165.0	1.146390e-18
166.0	1.136471e-18
167.0	1.126692e-18
168.0	1.117046e-18
169.0	1.107542e-18
170.0	1.098180e-18
171.0	1.088952e-18
172.0	1.079848e-18
173.0	1.070865e-18
174.0	1.062006e-18
175.0	1.053271e-18
176.0	1.044645e-18
177.0	1.036144e-18
178.0	1.027758e-18
179.0	1.019487e-18
180.0	1.011328e-18
181.0	1.003275e-18
182.0	9.953289e-19
183.0	9.874844e-19
184.0	9.797411e-19
185.0	9.721005e-19
186.0	9.645568e-19
187.0	9.571076e-19
188.0	9.497534e-19
189.0	9.424968e-19
190.0	9.353370e-19
191.0	9.282670e-19
192.0	9.212796e-19
193.0	9.143879e-19
194.0	9.075730e-19
195.0	9.008362e-19
196.0	8.942046e-19
197.0	8.876305e-19
198.0	8.811352e-19
199.0	8.747326e-19
200.0	8.684015e-19
201.0	8.621532e-19
202.0	8.559706e-19
203.0	8.498720e-19
204.0	8.438502e-19
205.0	8.378728e-19
206.0	8.319827e-19
207.0	8.261692e-19
208.0	8.204076e-19
209.0	8.147154e-19
210.0	8.090949e-19
211.0	8.035327e-19
212.0	7.980331e-19
213.0	7.925964e-19
214.0	7.872241e-19
215.0	7.819140e-19
216.0	7.766637e-19
217.0	7.714725e-19
218.0	7.663365e-19
219.0	7.612569e-19
220.0	7.562331e-19
221.0	7.512655e-19
222.0	7.463485e-19
223.0	7.414902e-19
224.0	7.366796e-19
225.0	7.319233e-19
226.0	7.272129e-19
227.0	7.225559e-19
228.0	7.179439e-19
229.0	7.133888e-19
230.0	7.088793e-19
231.0	7.044200e-19
232.0	7.000070e-19
233.0	6.956367e-19
234.0	6.913118e-19
235.0	6.870324e-19
236.0	6.827955e-19
237.0	6.786029e-19
238.0	6.744539e-19
239.0	6.703448e-19
240.0	6.662763e-19
241.0	6.622540e-19
242.0	6.582709e-19
243.0	6.543190e-19
244.0	6.504106e-19
245.0	6.465487e-19
246.0	6.427164e-19
247.0	6.389164e-19
248.0	6.351679e-19
249.0	6.314542e-19
250.0	6.277741e-19
251.0	6.241290e-19
252.0	6.205157e-19
253.0	6.169345e-19
254.0	6.134009e-19
255.0	6.098972e-19
256.0	6.064147e-19
257.0	6.029686e-19
258.0	5.995634e-19
259.0	5.961885e-19
260.0	5.928392e-19
261.0	5.895226e-19
262.0	5.862396e-19
263.0	5.829859e-19
264.0	5.797597e-19
265.0	5.765639e-19
266.0	5.733970e-19
267.0	5.702612e-19
268.0	5.671548e-19
269.0	5.640759e-19
270.0	5.610269e-19
271.0	5.580037e-19
272.0	5.550068e-19
273.0	5.520353e-19
274.0	5.490916e-19
275.0	5.461732e-19
276.0	5.432804e-19
277.0	5.404129e-19
278.0	5.375715e-19
279.0	5.347532e-19
280.0	5.319620e-19
281.0	5.291926e-19
282.0	5.264491e-19
283.0	5.237287e-19
284.0	5.210318e-19
285.0	5.183588e-19
286.0	5.157063e-19
287.0	5.130753e-19
288.0	5.104663e-19
289.0	5.078816e-19
290.0	5.053190e-19
291.0	5.027748e-19
292.0	5.002522e-19
293.0	4.977558e-19
294.0	4.952832e-19
295.0	4.928272e-19
296.0	4.903835e-19
297.0	4.879667e-19
298.0	4.855708e-19
299.0	4.831929e-19
300.0	4.808328e-19
