Ionization energy (eV): 18.738
Energy (eV)	Rate coefficient (m^3/s)
0.0	0.000000e+00
1.0	2.436712e-28
2.0	5.139426e-22
3.0	8.642254e-20
4.0	1.307052e-18
5.0	7.267810e-18
6.0	2.401902e-17
7.0	5.833746e-17
8.0	1.161745e-16
9.0	2.019250e-16
10.0	3.183274e-16
11.0	4.666739e-16
12.0	6.471186e-16
13.0	8.589784e-16
14.0	1.100987e-15
15.0	1.371496e-15
16.0	1.668626e-15
17.0	1.990377e-15
18.0	2.334706e-15
19.0	2.699589e-15
20.0	3.083053e-15
21.0	3.483205e-15
22.0	3.898245e-15
23.0	4.326478e-15
24.0	4.766319e-15
25.0	5.216288e-15
26.0	5.675016e-15
27.0	6.141235e-15
28.0	6.613778e-15
29.0	7.091572e-15
30.0	7.573633e-15
31.0	8.059060e-15
32.0	8.547032e-15
33.0	9.036796e-15
34.0	9.527669e-15
35.0	1.001903e-14
36.0	1.051031e-14
37.0	1.100101e-14
38.0	1.149066e-14
39.0	1.197883e-14
40.0	1.246516e-14
41.0	1.294930e-14
42.0	1.343094e-14
43.0	1.390982e-14
44.0	1.438568e-14
45.0	1.485831e-14
46.0	1.532751e-14
47.0	1.579311e-14
48.0	1.625496e-14
49.0	1.671292e-14
50.0	1.716688e-14
51.0	1.761673e-14
52.0	1.806239e-14
53.0	1.850378e-14
54.0	1.894084e-14
55.0	1.937351e-14
56.0	1.980176e-14
57.0	2.022556e-14
58.0	2.064486e-14
59.0	2.105967e-14
60.0	2.146996e-14
61.0	2.187573e-14
62.0	2.227699e-14
63.0	2.267373e-14
64.0	2.306597e-14
65.0	2.345371e-14
66.0	2.383699e-14
67.0	2.421581e-14
68.0	2.459021e-14
69.0	2.496021e-14
70.0	2.532584e-14
71.0	2.568713e-14
72.0	2.604412e-14
73.0	2.639684e-14
74.0	2.674532e-14
75.0	2.708961e-14
76.0	2.742974e-14
77.0	2.776576e-14
78.0	2.809770e-14
79.0	2.842562e-14
80.0	2.874954e-14
81.0	2.906951e-14
82.0	2.938559e-14
83.0	2.969780e-14
84.0	3.000620e-14
85.0	3.031083e-14
86.0	3.061174e-14
87.0	3.090896e-14
88.0	3.120255e-14
89.0	3.149254e-14
90.0	3.177899e-14
91.0	3.206193e-14
92.0	3.234142e-14
93.0	3.261748e-14
94.0	3.289018e-14
95.0	3.315955e-14
96.0	3.342564e-14
97.0	3.368848e-14
98.0	3.394812e-14
99.0	3.420460e-14
100.0	3.445797e-14
101.0	3.470826e-14
102.0	3.495552e-14
103.0	3.519978e-14
104.0	3.544109e-14
105.0	3.567948e-14
106.0	3.591500e-14
107.0	3.614768e-14
108.0	3.637756e-14
109.0	3.660468e-14
110.0	3.682908e-14
111.0	3.705078e-14
112.0	3.726984e-14
113.0	3.748629e-14
114.0	3.770015e-14
115.0	3.791147e-14
116.0	3.812028e-14
117.0	3.832661e-14
118.0	3.853050e-14
119.0	3.873198e-14
120.0	3.893108e-14
121.0	3.912783e-14
122.0	3.932228e-14
123.0	3.951444e-14
124.0	3.970435e-14
125.0	3.989204e-14
126.0	4.007753e-14
127.0	4.026087e-14
128.0	4.044207e-14
129.0	4.062117e-14
130.0	4.079819e-14
131.0	4.097317e-14
132.0	4.114612e-14
133.0	4.131709e-14
134.0	4.148608e-14
135.0	4.165313e-14
136.0	4.181827e-14
137.0	4.198152e-14
138.0	4.214291e-14
139.0	4.230245e-14
140.0	4.246018e-14
141.0	4.261612e-14
142.0	4.277029e-14
143.0	4.292272e-14
144.0	4.307342e-14
145.0	4.322243e-14
146.0	4.336976e-14
147.0	4.351543e-14
148.0	4.365947e-14
149.0	4.380190e-14
150.0	4.394274e-14
151.0	4.408201e-14
152.0	4.421973e-14
153.0	4.435592e-14
154.0	4.449060e-14
155.0	4.462379e-14
156.0	4.475551e-14
157.0	4.488577e-14
158.0	4.501460e-14
159.0	4.514202e-14
160.0	4.526804e-14
161.0	4.539268e-14
162.0	4.551595e-14
163.0	4.563789e-14
164.0	4.575849e-14
165.0	4.587779e-14
166.0	4.599579e-14
167.0	4.611251e-14
168.0	4.622797e-14
169.0	4.634218e-14
170.0	4.645517e-14
171.0	4.656694e-14
172.0	4.667751e-14
173.0	4.678690e-14
174.0	4.689511e-14
175.0	4.700217e-14
176.0	4.710809e-14
177.0	4.721288e-14
178.0	4.731656e-14
179.0	4.741915e-14
180.0	4.752064e-14
181.0	4.762106e-14
182.0	4.772043e-14
183.0	4.781875e-14
184.0	4.791603e-14
185.0	4.801230e-14
186.0	4.810755e-14
187.0	4.820182e-14
188.0	4.829509e-14
189.0	4.838740e-14
190.0	4.847874e-14
191.0	4.856914e-14
192.0	4.865860e-14
193.0	4.874714e-14
194.0	4.883476e-14
195.0	4.892148e-14
196.0	4.900730e-14
197.0	4.909224e-14
198.0	4.917632e-14
199.0	4.925953e-14
200.0	4.934189e-14
201.0	4.942341e-14
202.0	4.950410e-14
203.0	4.958397e-14
204.0	4.966303e-14
205.0	4.974129e-14
206.0	4.981876e-14
207.0	4.989544e-14
208.0	4.997135e-14
209.0	5.004650e-14
210.0	5.012089e-14
211.0	5.019454e-14
212.0	5.026745e-14
213.0	5.033963e-14
214.0	5.041109e-14
215.0	5.048184e-14
216.0	5.055189e-14
217.0	5.062124e-14
218.0	5.068990e-14
219.0	5.075789e-14
220.0	5.082520e-14
221.0	5.089186e-14
222.0	5.095785e-14
223.0	5.102320e-14
224.0	5.108791e-14
225.0	5.115198e-14
226.0	5.121543e-14
227.0	5.127826e-14
228.0	5.134048e-14
229.0	5.140210e-14
230.0	5.146311e-14
231.0	5.152354e-14
232.0	5.158338e-14
233.0	5.164265e-14
234.0	5.170134e-14
235.0	5.175948e-14
236.0	5.181705e-14
237.0	5.187407e-14
238.0	5.193055e-14
239.0	5.198649e-14
240.0	5.204190e-14
241.0	5.209678e-14
242.0	5.215114e-14
243.0	5.220499e-14
244.0	5.225833e-14
245.0	5.231116e-14
246.0	5.236350e-14
247.0	5.241535e-14
248.0	5.246671e-14
249.0	5.251758e-14
250.0	5.256799e-14
251.0	5.261792e-14
252.0	5.266740e-14
253.0	5.271641e-14
254.0	5.276496e-14
255.0	5.281307e-14
256.0	5.286074e-14
257.0	5.290796e-14
258.0	5.295475e-14
259.0	5.300112e-14
260.0	5.304705e-14
261.0	5.309257e-14
262.0	5.313768e-14
263.0	5.318237e-14
264.0	5.322666e-14
265.0	5.327055e-14
266.0	5.331404e-14
267.0	5.335714e-14
268.0	5.339985e-14
269.0	5.344217e-14
270.0	5.348412e-14
271.0	5.352569e-14
272.0	5.356690e-14
273.0	5.360773e-14
274.0	5.364820e-14
275.0	5.368832e-14
276.0	5.372808e-14
277.0	5.376749e-14
278.0	5.380655e-14
279.0	5.384527e-14
280.0	5.388365e-14
281.0	5.392169e-14
282.0	5.395941e-14
283.0	5.399679e-14
284.0	5.403385e-14
285.0	5.407059e-14
286.0	5.410701e-14
287.0	5.414312e-14
288.0	5.417892e-14
289.0	5.421441e-14
290.0	5.424960e-14
291.0	5.428449e-14
292.0	5.431908e-14
293.0	5.435338e-14
294.0	5.438739e-14
295.0	5.442111e-14
296.0	5.445455e-14
297.0	5.448770e-14
298.0	5.452058e-14
299.0	5.455318e-14
300.0	5.458552e-14
