Ionization energy (eV): 13.618
Energy (eV)	Rate coefficient (m^3/s)
0.0	0.000000e+00
1.0	1.570989e-24
2.0	1.169774e-19
3.0	5.954222e-18
4.0	4.563611e-17
5.0	1.612874e-16
6.0	3.841557e-16
7.0	7.271788e-16
8.0	1.189267e-15
9.0	1.761299e-15
10.0	2.430541e-15
11.0	3.183294e-15
12.0	4.006302e-15
13.0	4.887416e-15
14.0	5.815838e-15
15.0	6.782144e-15
16.0	7.778205e-15
17.0	8.797060e-15
18.0	9.832777e-15
19.0	1.088032e-14
20.0	1.193541e-14
21.0	1.299445e-14
22.0	1.405438e-14
23.0	1.511264e-14
24.0	1.616706e-14
25.0	1.721585e-14
26.0	1.825748e-14
27.0	1.929069e-14
28.0	2.031444e-14
29.0	2.132787e-14
30.0	2.233027e-14
31.0	2.332108e-14
32.0	2.429985e-14
33.0	2.526622e-14
34.0	2.621992e-14
35.0	2.716075e-14
36.0	2.808859e-14
37.0	2.900334e-14
38.0	2.990498e-14
39.0	3.079350e-14
40.0	3.166893e-14
41.0	3.253136e-14
42.0	3.338084e-14
43.0	3.421751e-14
44.0	3.504146e-14
45.0	3.585286e-14
46.0	3.665183e-14
47.0	3.743855e-14
48.0	3.821318e-14
49.0	3.897588e-14
50.0	3.972684e-14
51.0	4.046624e-14
52.0	4.119425e-14
53.0	4.191108e-14
54.0	4.261689e-14
55.0	4.331189e-14
56.0	4.399625e-14
57.0	4.467015e-14
58.0	4.533380e-14
59.0	4.598736e-14
60.0	4.663102e-14
61.0	4.726497e-14
62.0	4.788936e-14
63.0	4.850440e-14
64.0	4.911023e-14
65.0	4.970704e-14
66.0	5.029500e-14
67.0	5.087425e-14
68.0	5.144498e-14
69.0	5.200733e-14
70.0	5.256147e-14
71.0	5.310754e-14
72.0	5.364569e-14
73.0	5.417608e-14
74.0	5.469885e-14
75.0	5.521413e-14
76.0	5.572206e-14
77.0	5.622279e-14
78.0	5.671644e-14
79.0	5.720315e-14
80.0	5.768304e-14
81.0	5.815623e-14
82.0	5.862285e-14
83.0	5.908302e-14
84.0	5.953685e-14
85.0	5.998446e-14
86.0	6.042596e-14
87.0	6.086146e-14
88.0	6.129107e-14
89.0	6.171488e-14
90.0	6.213301e-14
91.0	6.254556e-14
92.0	6.295261e-14
93.0	6.335427e-14
94.0	6.375064e-14
95.0	6.414180e-14
96.0	6.452784e-14
97.0	6.490885e-14
98.0	6.528492e-14
99.0	6.565613e-14
100.0	6.602257e-14
101.0	6.638431e-14
102.0	6.674144e-14
103.0	6.709402e-14
104.0	6.744215e-14
105.0	6.778589e-14
106.0	6.812531e-14
107.0	6.846048e-14
108.0	6.879148e-14
109.0	6.911838e-14
110.0	6.944123e-14
111.0	6.976011e-14
112.0	7.007507e-14
113.0	7.038619e-14
114.0	7.069352e-14
115.0	7.099713e-14
116.0	7.129707e-14
117.0	7.159339e-14
118.0	7.188617e-14
119.0	7.217544e-14
120.0	7.246127e-14
121.0	7.274372e-14
122.0	7.302282e-14
123.0	7.329864e-14
124.0	7.357122e-14
125.0	7.384061e-14
126.0	7.410686e-14
127.0	7.437002e-14
128.0	7.463014e-14
129.0	7.488726e-14
130.0	7.514142e-14
131.0	7.539267e-14
132.0	7.564105e-14
133.0	7.588660e-14
134.0	7.612937e-14
135.0	7.636940e-14
136.0	7.660672e-14
137.0	7.684137e-14
138.0	7.707340e-14
139.0	7.730283e-14
140.0	7.752972e-14
141.0	7.775409e-14
142.0	7.797597e-14
143.0	7.819541e-14
144.0	7.841244e-14
145.0	7.862709e-14
146.0	7.883940e-14
147.0	7.904939e-14
148.0	7.925710e-14
149.0	7.946256e-14
150.0	7.966581e-14
151.0	7.986686e-14
152.0	8.006576e-14
153.0	8.026253e-14
154.0	8.045720e-14
155.0	8.064979e-14
156.0	8.084034e-14
157.0	8.102887e-14
158.0	8.121541e-14
159.0	8.139999e-14
160.0	8.158263e-14
161.0	8.176335e-14
162.0	8.194219e-14
163.0	8.211916e-14
164.0	8.229430e-14
165.0	8.246761e-14
166.0	8.263914e-14
167.0	8.280889e-14
168.0	8.297690e-14
169.0	8.314319e-14
170.0	8.330777e-14
171.0	8.347067e-14
172.0	8.363190e-14
173.0	8.379150e-14
174.0	8.394949e-14
175.0	8.410587e-14
176.0	8.426067e-14
177.0	8.441391e-14
178.0	8.456562e-14
179.0	8.471580e-14
180.0	8.486448e-14
181.0	8.501167e-14
182.0	8.515740e-14
183.0	8.530168e-14
184.0	8.544453e-14
185.0	8.558596e-14
186.0	8.572600e-14
187.0	8.586466e-14
188.0	8.600195e-14
189.0	8.613789e-14
190.0	8.627251e-14
191.0	8.640580e-14
192.0	8.653780e-14
193.0	8.666851e-14
194.0	8.679795e-14
195.0	8.692613e-14
196.0	8.705307e-14
197.0	8.717879e-14
198.0	8.730329e-14
199.0	8.742659e-14
200.0	8.754871e-14
201.0	8.766965e-14
202.0	8.778944e-14
203.0	8.790808e-14
204.0	8.802559e-14
205.0	8.814198e-14
206.0	8.825726e-14
207.0	8.837145e-14
208.0	8.848455e-14
209.0	8.859658e-14
210.0	8.870755e-14
211.0	8.881748e-14
212.0	8.892638e-14
213.0	8.903424e-14
214.0	8.914109e-14
215.0	8.924694e-14
216.0	8.935181e-14
217.0	8.945569e-14
218.0	8.955860e-14
219.0	8.966055e-14
220.0	8.976155e-14
221.0	8.986161e-14
222.0	8.996074e-14
223.0	9.005896e-14
224.0	9.015626e-14
225.0	9.025267e-14
226.0	9.034818e-14
227.0	9.044281e-14
228.0	9.053658e-14
229.0	9.062948e-14
230.0	9.072153e-14
231.0	9.081273e-14
232.0	9.090309e-14
233.0	9.099263e-14
234.0	9.108135e-14
235.0	9.116926e-14
236.0	9.125637e-14
237.0	9.134268e-14
238.0	9.142821e-14
239.0	9.151296e-14
240.0	9.159694e-14
241.0	9.168016e-14
242.0	9.176262e-14
243.0	9.184434e-14
244.0	9.192532e-14
245.0	9.200557e-14
246.0	9.208508e-14
247.0	9.216388e-14
248.0	9.224197e-14
249.0	9.231937e-14
250.0	9.239608e-14
251.0	9.247207e-14
252.0	9.254739e-14
253.0	9.262204e-14
254.0	9.269601e-14
255.0	9.276933e-14
256.0	9.284199e-14
257.0	9.291399e-14
258.0	9.298535e-14
259.0	9.305608e-14
260.0	9.312618e-14
261.0	9.319564e-14
262.0	9.326449e-14
263.0	9.333272e-14
264.0	9.340035e-14
265.0	9.346738e-14
266.0	9.353381e-14
267.0	9.359965e-14
268.0	9.366490e-14
269.0	9.372958e-14
270.0	9.379368e-14
271.0	9.385721e-14
272.0	9.392018e-14
273.0	9.398259e-14
274.0	9.404445e-14
275.0	9.410576e-14
276.0	9.416653e-14
277.0	9.422676e-14
278.0	9.428645e-14
279.0	9.434561e-14
280.0	9.440426e-14
281.0	9.446239e-14
282.0	9.452000e-14
283.0	9.457711e-14
284.0	9.463371e-14
285.0	9.468981e-14
286.0	9.474541e-14
287.0	9.480053e-14
288.0	9.485515e-14
289.0	9.490930e-14
290.0	9.496297e-14
291.0	9.501617e-14
292.0	9.506889e-14
293.0	9.512115e-14
294.0	9.517295e-14
295.0	9.522429e-14
296.0	9.527518e-14
297.0	9.532563e-14
298.0	9.537563e-14
299.0	9.542518e-14
300.0	9.547430e-14
