Ionization energy (eV): 12.13
Energy (eV)	Rate coefficient (m^3/s)
0.0	0.000000e+00
1.0	1.059612e-22
2.0	2.634176e-18
3.0	8.670070e-17
4.0	5.215020e-16
5.0	1.568685e-15
6.0	3.318476e-15
7.0	5.724899e-15
8.0	8.680424e-15
9.0	1.206440e-14
10.0	1.576565e-14
11.0	1.969017e-14
12.0	2.376207e-14
13.0	2.792157e-14
14.0	3.212240e-14
15.0	3.632917e-14
16.0	4.051503e-14
17.0	4.465986e-14
18.0	4.874875e-14
19.0	5.277082e-14
20.0	5.671832e-14
21.0	6.058589e-14
22.0	6.437003e-14
23.0	6.806870e-14
24.0	7.168092e-14
25.0	7.520658e-14
26.0	7.864619e-14
27.0	8.200075e-14
28.0	8.527162e-14
29.0	8.846044e-14
30.0	9.156903e-14
31.0	9.459932e-14
32.0	9.755336e-14
33.0	1.004332e-13
34.0	1.032411e-13
35.0	1.059789e-13
36.0	1.086489e-13
37.0	1.112532e-13
38.0	1.137936e-13
39.0	1.162723e-13
40.0	1.186911e-13
41.0	1.210520e-13
42.0	1.233568e-13
43.0	1.256072e-13
44.0	1.278049e-13
45.0	1.299516e-13
46.0	1.320489e-13
47.0	1.340984e-13
48.0	1.361015e-13
49.0	1.380596e-13
50.0	1.399742e-13
51.0	1.418465e-13
52.0	1.436779e-13
53.0	1.454696e-13
54.0	1.472228e-13
55.0	1.489385e-13
56.0	1.506180e-13
57.0	1.522623e-13
58.0	1.538724e-13
59.0	1.554493e-13
60.0	1.569939e-13
61.0	1.585072e-13
62.0	1.599900e-13
63.0	1.614433e-13
64.0	1.628677e-13
65.0	1.642641e-13
66.0	1.656334e-13
67.0	1.669761e-13
68.0	1.682930e-13
69.0	1.695848e-13
70.0	1.708522e-13
71.0	1.720958e-13
72.0	1.733162e-13
73.0	1.745140e-13
74.0	1.756899e-13
75.0	1.768442e-13
76.0	1.779777e-13
77.0	1.790908e-13
78.0	1.801840e-13
79.0	1.812578e-13
80.0	1.823126e-13
81.0	1.833491e-13
82.0	1.843674e-13
83.0	1.853682e-13
84.0	1.863519e-13
85.0	1.873187e-13
86.0	1.882692e-13
87.0	1.892036e-13
88.0	1.901224e-13
89.0	1.910260e-13
90.0	1.919146e-13
91.0	1.927886e-13
92.0	1.936483e-13
93.0	1.944940e-13
94.0	1.953261e-13
95.0	1.961449e-13
96.0	1.969506e-13
97.0	1.977435e-13
98.0	1.985238e-13
99.0	1.992920e-13
100.0	2.000481e-13
101.0	2.007925e-13
102.0	2.015254e-13
103.0	2.022470e-13
104.0	2.029577e-13
105.0	2.036575e-13
106.0	2.043467e-13
107.0	2.050255e-13
108.0	2.056942e-13
109.0	2.063530e-13
110.0	2.070019e-13
111.0	2.076413e-13
112.0	2.082713e-13
113.0	2.088921e-13
114.0	2.095039e-13
115.0	2.101068e-13
116.0	2.107010e-13
117.0	2.112867e-13
118.0	2.118640e-13
119.0	2.124331e-13
120.0	2.129942e-13
121.0	2.135473e-13
122.0	2.140927e-13
123.0	2.146305e-13
124.0	2.151608e-13
125.0	2.156838e-13
126.0	2.161995e-13
127.0	2.167082e-13
128.0	2.172098e-13
129.0	2.177047e-13
130.0	2.181928e-13
131.0	2.186743e-13
132.0	2.191494e-13
133.0	2.196181e-13
134.0	2.200805e-13
135.0	2.205367e-13
136.0	2.209869e-13
137.0	2.214312e-13
138.0	2.218696e-13
139.0	2.223022e-13
140.0	2.227292e-13
141.0	2.231507e-13
142.0	2.235666e-13
143.0	2.239772e-13
144.0	2.243825e-13
145.0	2.247826e-13
146.0	2.251776e-13
147.0	2.255675e-13
148.0	2.259525e-13
149.0	2.263326e-13
150.0	2.267079e-13
151.0	2.270784e-13
152.0	2.274444e-13
153.0	2.278057e-13
154.0	2.281626e-13
155.0	2.285150e-13
156.0	2.288630e-13
157.0	2.292068e-13
158.0	2.295463e-13
159.0	2.298816e-13
160.0	2.302129e-13
161.0	2.305401e-13
162.0	2.308633e-13
163.0	2.311826e-13
164.0	2.314980e-13
165.0	2.318097e-13
166.0	2.321175e-13
167.0	2.324218e-13
168.0	2.327223e-13
169.0	2.330193e-13
170.0	2.333127e-13
171.0	2.336027e-13
172.0	2.338893e-13
173.0	2.341724e-13
174.0	2.344523e-13
175.0	2.347288e-13
176.0	2.350021e-13
177.0	2.352723e-13
178.0	2.355393e-13
179.0	2.358032e-13
180.0	2.360640e-13
181.0	2.363219e-13
182.0	2.365768e-13
183.0	2.368287e-13
184.0	2.370778e-13
185.0	2.373240e-13
186.0	2.375674e-13
187.0	2.378081e-13
188.0	2.380460e-13
189.0	2.382812e-13
190.0	2.385138e-13
191.0	2.387438e-13
192.0	2.389712e-13
193.0	2.391960e-13
194.0	2.394184e-13
195.0	2.396383e-13
196.0	2.398557e-13
197.0	2.400707e-13
198.0	2.402834e-13
199.0	2.404937e-13
200.0	2.407017e-13
201.0	2.409074e-13
202.0	2.411108e-13
203.0	2.413121e-13
204.0	2.415111e-13
205.0	2.417080e-13
206.0	2.419028e-13
207.0	2.420954e-13
208.0	2.422860e-13
209.0	2.424745e-13
210.0	2.426610e-13
211.0	2.428455e-13
212.0	2.430281e-13
213.0	2.432087e-13
214.0	2.433874e-13
215.0	2.435642e-13
216.0	2.437391e-13
217.0	2.439122e-13
218.0	2.440834e-13
219.0	2.442529e-13
220.0	2.444206e-13
221.0	2.445865e-13
222.0	2.447507e-13
223.0	2.449132e-13
224.0	2.450741e-13
225.0	2.452332e-13
226.0	2.453908e-13
227.0	2.455467e-13
228.0	2.457010e-13
229.0	2.458537e-13
230.0	2.460049e-13
231.0	2.461545e-13
232.0	2.463026e-13
233.0	2.464492e-13
234.0	2.465944e-13
235.0	2.467381e-13
236.0	2.468803e-13
237.0	2.470211e-13
238.0	2.471605e-13
239.0	2.472985e-13
240.0	2.474351e-13
241.0	2.475704e-13
242.0	2.477044e-13
243.0	2.478371e-13
244.0	2.479684e-13
245.0	2.480984e-13
246.0	2.482271e-13
247.0	2.483546e-13
248.0	2.484809e-13
249.0	2.486061e-13
250.0	2.487300e-13
251.0	2.488526e-13
252.0	2.489740e-13
253.0	2.490942e-13
254.0	2.492134e-13
255.0	2.493315e-13
256.0	2.494484e-13
257.0	2.495642e-13
258.0	2.496790e-13
259.0	2.497926e-13
260.0	2.499051e-13
261.0	2.500166e-13
262.0	2.501271e-13
263.0	2.502365e-13
264.0	2.503450e-13
265.0	2.504524e-13
266.0	2.505589e-13
267.0	2.506644e-13
268.0	2.507689e-13
269.0	2.508724e-13
270.0	2.509750e-13
271.0	2.510767e-13
272.0	2.511775e-13
273.0	2.512773e-13
274.0	2.513763e-13
275.0	2.514744e-13
276.0	2.515716e-13
277.0	2.516680e-13
278.0	2.517635e-13
279.0	2.518581e-13
280.0	2.519520e-13
281.0	2.520450e-13
282.0	2.521372e-13
283.0	2.522286e-13
284.0	2.523192e-13
285.0	2.524090e-13
286.0	2.524981e-13
287.0	2.525864e-13
288.0	2.526740e-13
289.0	2.527608e-13
290.0	2.528469e-13
291.0	2.529323e-13
292.0	2.530169e-13
293.0	2.531009e-13
294.0	2.531841e-13
295.0	2.532667e-13
296.0	2.533486e-13
297.0	2.534298e-13
298.0	2.535103e-13
299.0	2.535902e-13
300.0	2.536695e-13
