Ionization energy (eV): 53.89
Energy (eV)	Rate coefficient (m^3/s)
0.0	0.000000e+00
1.0	1.458443e-52
2.0	7.551106e-35
3.0	6.718721e-29
4.0	6.693798e-26
5.0	4.373975e-24
6.0	7.309916e-23
7.0	5.606390e-22
8.0	2.643817e-21
9.0	9.016100e-21
10.0	2.449933e-20
11.0	5.640102e-20
12.0	1.145729e-19
13.0	2.112092e-19
14.0	3.604578e-19
15.0	5.779231e-19
16.0	8.801282e-19
17.0	1.283991e-18
18.0	1.806351e-18
19.0	2.463559e-18
20.0	3.271150e-18
21.0	4.243589e-18
22.0	5.394090e-18
23.0	6.734491e-18
24.0	8.275186e-18
25.0	1.002510e-17
26.0	1.199172e-17
27.0	1.418106e-17
28.0	1.659783e-17
29.0	1.924540e-17
30.0	2.212593e-17
31.0	2.524046e-17
32.0	2.858897e-17
33.0	3.217052e-17
34.0	3.598328e-17
35.0	4.002464e-17
36.0	4.429132e-17
37.0	4.877942e-17
38.0	5.348448e-17
39.0	5.840159e-17
40.0	6.352546e-17
41.0	6.885042e-17
42.0	7.437053e-17
43.0	8.007964e-17
44.0	8.597138e-17
45.0	9.203925e-17
46.0	9.827665e-17
47.0	1.046769e-16
48.0	1.112333e-16
49.0	1.179392e-16
50.0	1.247877e-16
51.0	1.317723e-16
52.0	1.388864e-16
53.0	1.461234e-16
54.0	1.534769e-16
55.0	1.609404e-16
56.0	1.685079e-16
57.0	1.761732e-16
58.0	1.839302e-16
59.0	1.917733e-16
60.0	1.996966e-16
61.0	2.076946e-16
62.0	2.157620e-16
63.0	2.238934e-16
64.0	2.320838e-16
65.0	2.403282e-16
66.0	2.486218e-16
67.0	2.569600e-16
68.0	2.653384e-16
69.0	2.737525e-16
70.0	2.821982e-16
71.0	2.906715e-16
72.0	2.991685e-16
73.0	3.076855e-16
74.0	3.162187e-16
75.0	3.247648e-16
76.0	3.333205e-16
77.0	3.418825e-16
78.0	3.504477e-16
79.0	3.590133e-16
80.0	3.675763e-16
81.0	3.761341e-16
82.0	3.846842e-16
83.0	3.932239e-16
84.0	4.017510e-16
85.0	4.102631e-16
86.0	4.187581e-16
87.0	4.272340e-16
88.0	4.356888e-16
89.0	4.441206e-16
90.0	4.525275e-16
91.0	4.609080e-16
92.0	4.692604e-16
93.0	4.775831e-16
94.0	4.858747e-16
95.0	4.941339e-16
96.0	5.023592e-16
97.0	5.105495e-16
98.0	5.187036e-16
99.0	5.268204e-16
100.0	5.348988e-16
101.0	5.429378e-16
102.0	5.509366e-16
103.0	5.588942e-16
104.0	5.668098e-16
105.0	5.746827e-16
106.0	5.825121e-16
107.0	5.902974e-16
108.0	5.980379e-16
109.0	6.057331e-16
110.0	6.133824e-16
111.0	6.209853e-16
112.0	6.285414e-16
113.0	6.360502e-16
114.0	6.435113e-16
115.0	6.509244e-16
116.0	6.582892e-16
117.0	6.656054e-16
118.0	6.728727e-16
119.0	6.800910e-16
120.0	6.872599e-16
121.0	6.943793e-16
122.0	7.014490e-16
123.0	7.084691e-16
124.0	7.154392e-16
125.0	7.223594e-16
126.0	7.292296e-16
127.0	7.360498e-16
128.0	7.428199e-16
129.0	7.495399e-16
130.0	7.562099e-16
131.0	7.628298e-16
132.0	7.693998e-16
133.0	7.759199e-16
134.0	7.823901e-16
135.0	7.888106e-16
136.0	7.951815e-16
137.0	8.015029e-16
138.0	8.077749e-16
139.0	8.139976e-16
140.0	8.201713e-16
141.0	8.262960e-16
142.0	8.323720e-16
143.0	8.383994e-16
144.0	8.443784e-16
145.0	8.503093e-16
146.0	8.561921e-16
147.0	8.620272e-16
148.0	8.678148e-16
149.0	8.735550e-16
150.0	8.792482e-16
151.0	8.848945e-16
152.0	8.904942e-16
153.0	8.960476e-16
154.0	9.015549e-16
155.0	9.070163e-16
156.0	9.124322e-16
157.0	9.178028e-16
158.0	9.231283e-16
159.0	9.284091e-16
160.0	9.336454e-16
161.0	9.388375e-16
162.0	9.439856e-16
163.0	9.490902e-16
164.0	9.541514e-16
165.0	9.591696e-16
166.0	9.641450e-16
167.0	9.690779e-16
168.0	9.739686e-16
169.0	9.788175e-16
170.0	9.836248e-16
171.0	9.883909e-16
172.0	9.931159e-16
173.0	9.978003e-16
174.0	1.002444e-15
175.0	1.007048e-15
176.0	1.011612e-15
177.0	1.016137e-15
178.0	1.020622e-15
179.0	1.025069e-15
180.0	1.029477e-15
181.0	1.033847e-15
182.0	1.038179e-15
183.0	1.042473e-15
184.0	1.046729e-15
185.0	1.050949e-15
186.0	1.055132e-15
187.0	1.059278e-15
188.0	1.063389e-15
189.0	1.067463e-15
190.0	1.071502e-15
191.0	1.075505e-15
192.0	1.079474e-15
193.0	1.083408e-15
194.0	1.087307e-15
195.0	1.091172e-15
196.0	1.095004e-15
197.0	1.098802e-15
198.0	1.102566e-15
199.0	1.106298e-15
200.0	1.109997e-15
201.0	1.113663e-15
202.0	1.117298e-15
203.0	1.120900e-15
204.0	1.124471e-15
205.0	1.128011e-15
206.0	1.131520e-15
207.0	1.134997e-15
208.0	1.138445e-15
209.0	1.141862e-15
210.0	1.145249e-15
211.0	1.148607e-15
212.0	1.151935e-15
213.0	1.155234e-15
214.0	1.158504e-15
215.0	1.161745e-15
216.0	1.164959e-15
217.0	1.168143e-15
218.0	1.171301e-15
219.0	1.174430e-15
220.0	1.177532e-15
221.0	1.180607e-15
222.0	1.183655e-15
223.0	1.186677e-15
224.0	1.189672e-15
225.0	1.192640e-15
226.0	1.195583e-15
227.0	1.198501e-15
228.0	1.201393e-15
229.0	1.204259e-15
230.0	1.207101e-15
231.0	1.209918e-15
232.0	1.212710e-15
233.0	1.215479e-15
234.0	1.218223e-15
235.0	1.220943e-15
236.0	1.223640e-15
237.0	1.226313e-15
238.0	1.228963e-15
239.0	1.231590e-15
240.0	1.234194e-15
241.0	1.236776e-15
242.0	1.239335e-15
243.0	1.241873e-15
244.0	1.244388e-15
245.0	1.246882e-15
246.0	1.249354e-15
247.0	1.251805e-15
248.0	1.254234e-15
249.0	1.256643e-15
250.0	1.259031e-15
251.0	1.261399e-15
252.0	1.263746e-15
253.0	1.266073e-15
254.0	1.268380e-15
255.0	1.270668e-15
256.0	1.272936e-15
257.0	1.275184e-15
258.0	1.277413e-15
259.0	1.279623e-15
260.0	1.281815e-15
261.0	1.283987e-15
262.0	1.286142e-15
263.0	1.288277e-15
264.0	1.290395e-15
265.0	1.292495e-15
266.0	1.294577e-15
267.0	1.296641e-15
268.0	1.298688e-15
269.0	1.300717e-15
270.0	1.302730e-15
271.0	1.304725e-15
272.0	1.306704e-15
273.0	1.308666e-15
274.0	1.310611e-15
275.0	1.312540e-15
276.0	1.314453e-15
277.0	1.316350e-15
278.0	1.318231e-15
279.0	1.320096e-15
280.0	1.321946e-15
281.0	1.323780e-15
282.0	1.325599e-15
283.0	1.327403e-15
284.0	1.329192e-15
285.0	1.330966e-15
286.0	1.332725e-15
287.0	1.334469e-15
288.0	1.336200e-15
289.0	1.337916e-15
290.0	1.339617e-15
291.0	1.341305e-15
292.0	1.342979e-15
293.0	1.344639e-15
294.0	1.346286e-15
295.0	1.347919e-15
296.0	1.349538e-15
297.0	1.351145e-15
298.0	1.352738e-15
299.0	1.354318e-15
300.0	1.355885e-15
